0.47340511061354296
0.7274694869615639
0.39920818652055545
0.5955516260159159
0.37974514532805237
0.6140543431658114
0.5844457592755399
0.5717326504674014
0.3819884713610151
0.38281539263142267
0.6100203110171413
0.3279938888027578
0.4583383134498791
0.4279679919250607
0.6224381758070526
0.5312894557859498
0.4952666508601737
0.6189982749043104
0.5622029502403771
0.619152786059587
0.31586099229393494
0.34646569461629195
0.42080439467904496
0.5120248386350421
0.4423174420129754
0.5071395422634746
0.6665792745110727
0.4621691880988239
0.5792124055298383
0.24122598371141096
0.3883471336147244
0.4527999744537086
0.523631762075226
0.4739292662619878
0.4990863991421661
0.4179970550521448
0.6390035536169939
0.6261801601291048
0.3915397413942774
0.5578517990823676
0.5834989428696911
0.5400730254148475
0.620121784554497
0.4562812123410182
0.4806601052955733
0.36850161349150934
0.54149678040263
0.6601866710021862
0.5343002721060671
0.40293200926948436
0.2625190435956834
0.3752665497271937
0.44421301817870273
0.47687711612444184
0.42635072652943273
0.4005222602423225
0.6526964779689476
0.6303867375215343
0.43208691830326823
0.44914082373966013
0.43438076426030264
0.4900742171482592
0.5360172349886957
0.7084551911141097
0.4346112410759708
0.5584554311683791
0.44919595269202944
0.6169810680850879
0.5726320032954145
0.5679801500137158
0.514667463489582
0.45265978519594713
0.6712938507395448
0.6136583274943443
0.3310299750612183
0.33539329338174634
0.3724347206620713
0.4403842984020595
0.505651089419554
0.6300377225255733
0.5318987193270175
0.5371803089951593
0.3842705959173961
0.5314813085073473
0.37328414507681407
0.42471410714693236
0.4783971439607819
0.4343012943937974
0.5656786488134096
0.46619943113402185
0.5354643486506798
0.6240994520707939
0.6762426484865898
0.39331450741890245
0.589502001601931
0.4957574714551395
0.46963242556149515
0.6185710817454189
0.3281065233175594
0.34558990723268324
0.312917445348354
0.41718622346608486
0.4210540972191243
0.5033835224564024
0.5392987531559085
0.44752132704392245
0.40752562127372244
0.41225721008879157
0.5303896932390643
0.3550778630381439
0.6128904131140092
0.6438633302305152
0.6718282038078606
0.5185961771508546
0.536082264476993
0.6155131218424345
0.5925047932290008
0.6190451294918564
0.4521720342806538
0.3469349802361972
0.49485982782270227
0.43713622264341934
0.3350366823423335
0.5096825936654243
0.40461205085456864
0.5782027058371718
0.6032583717308995
0.5401579910159371
0.48254399002436904
0.433425504420857
0.6687849702333372
0.5493624049720411
0.5400298541929947
0.5302838586702212
0.4214133327812275
0.5853984039033708
0.3458475355205691
0.47764376264043246
0.38692119071295017
0.48028625585779494
0.5429320859846106
0.6094625684766533
0.4686747290197052
0.609915672105666
0.5529706652350677
0.5182274985953877
0.463406472085162
0.45609722698321487
0.6468526610636094
0.4662050818645548
0.5758635690115721
0.538945191705923
0.5099088540385539
0.6697753669665305
0.44379826131901523
0.5684114812052461
0.49963753055165133
0.42167533361939863
0.44801536321052554
0.49355596982425587
0.46599413379320753
0.4942493824539909
0.4489882006705016
0.3586084571350713
0.5075157689388211
0.4843802138551647
0.6924991184939817
0.4990724064853202
0.5236781831206182
0.5353827441135648
0.5702258127832311
0.4523106560060399
0.34566913935995125
0.45029723770253305
0.5345705922667349
0.4726841842353209
0.3591235210949433
0.6464905985871106
0.521936965957034
0.5822996276130644
0.46880378351689383
0.617995514054186
0.35402994448814984
0.4197572921540962
0.5340927526231801
0.4943133497403428
0.5135575240904992
0.5977245061431307
0.4328076425977205
0.5623790421237339
0.47785424359939366
0.46460931103045483
0.5670509396906039
0.6191090934610374
0.5000585119148705
0.7315870619596772
0.5079599983540827
0.44676384380580514
0.443606056349462
0.5615626957719504
0.37368706391831996
0.5181843420732358
0.4749599614068243
0.482761400812421
0.4251660855994305
0.5823735687534971
0.5548573158466205
0.5082219255004312
0.5345434891059484
0.4860634487606054
0.31223230020439213
0.4125159388829921
0.5972285877728312
0.5362443219247351
0.47361661530667093
0.5566475064555318
0.4217151322145659
0.4964430867666855
0.3368654763515678
0.5025070041415495
0.6044515409755942
0.7034893014051354
0.5712865485784806
0.5570398923806451
0.5592791996952161
0.48228114876624995
0.6472846175948603
0.3826964929268457
0.42559498690341246
0.49433245060179304
0.44920989499616887
0.49631003984740973
0.4721576781395075
0.5071578743452636
0.6265427213125193
0.38932848872880643
0.5480193463603493
0.32563748530931325
0.5949733416643559
0.41470183172914443
0.6175099550332915
0.43904990733093735
0.6031212751802172
0.5699849605376082
0.542805194197547
0.5396212665041272
0.38866956773858596
0.2531621406541117
0.5314637762434837
0.5974047562247113
0.5244952913439225
0.5045589326636436
0.523766881462526
0.3782473952662132
0.4424528762602815
0.6202090724302383
0.5136076618391088
0.5195427180619993
0.5041360105539618
0.5062990645713159
0.5500715239675967
0.49950533614037024
0.4300635803189369
0.5127760795153804
0.6996693215238077
0.5306006811847437
0.6329604421527082
0.39708875077373823
0.3620829833207988
0.4985636878440201
0.3651552845593524
0.4985241463979926
0.4705578878224037
0.5944752855365893
0.44718382874545404
0.6574064931733354
0.5129518248704977
0.4820559902294728
0.4562788922695538
0.3738194922454653
0.4232054864551539
0.37830198677011867
0.5313493011951221
0.6305766937871011
0.5304007690419462
0.5071000648456085
0.3397888749286798
0.43510084437997704
0.725406202269699
0.5937561921643233
0.3520040264710079
0.7398514526791758
0.3950632470519875
0.4670555367575379
0.5774355524056244
0.5302562662998405
0.32948121425689764
0.4945974410687424
0.44658897323981284
0.3192303159247133
0.4422197155311227
0.4328026774068147
0.4469820091134593
0.6396150270997054
0.4428705086564744
0.5313563105803416
0.5607767231150039
0.4950242976921715
0.6619224063956326
0.3674681003013877
0.5019995507126627
0.47767567972938646
0.5229952090622855
0.5324643938700192
0.5774383636277545
0.4637016169670951
0.518213541569232
0.49755857329791814
0.6037215271808065
0.547057588567097
0.3445313735098541
0.43935878386882904
0.3385135238688499
0.5015300265228412
0.42731547426080385
0.5758059663303493
0.4942813986255905
0.5377227804437998
0.40486833316741255
0.3803071782194952
0.4348157733877601
0.6829500909104552
0.461590579459625
0.3213506052075895
0.6821684407198882
0.4093253126160053
0.41396247850302176
0.42863331415486244
0.5397280543664369
0.5009282032096743
0.41227335321117087
0.5882967143429462
0.4582870239223216
0.5854461778372163
0.6081451766917139
0.4789853859019696
0.5542989328294027
0.48584278126095976
0.646477494274253
0.45364573153603593
0.5282682493620227
0.5156856237137892
0.6015240498655574
0.3387414142876043
0.570760664195178
0.5744207544665308
0.34273999010372036
0.41755160373440897
0.6259320414815897
0.3407257345743978
0.2896488400141814
0.49421265442418416
0.3874150142750922
0.44270348343846466
0.4978103671094433
0.48327420973455015
0.6825824117285192
0.4841831351976679
0.3348955804373649
0.5218498993467142
0.37722502933106156
0.5212386271855955
0.7844020529479035
0.4715203535442871
0.4010973664903179
0.5109443916548219
0.49817718480007095
0.8089909206936459
0.5549828166602181
0.5588640270531224
0.47562588652669757
0.552069983727264
0.47259561566499925
0.5985576349960051
0.5184471589780507
0.5847771102876026
0.47411133071790995
0.4626364894749476
0.4378277149202038
0.3988383258557917
0.522192606689437
0.6777172708549597
0.6748219173568462
0.5266055196431849
0.4908420448174133
0.7270218351170861
0.3875490243446526
0.4586651456214572
0.5210484350231213
0.5852130343589299
0.5210654626451121
0.4245590336547981
0.6030938206483202
0.30625240750139665
0.44549874667362543
0.39467687096199033
0.6252953925037769
0.45565894326195944
0.5428949613214492
0.6619769852609168
0.5247761050221703
0.6466634897060942
0.565069218072587
0.4495434229995596
0.3416257167332235
0.3895901334322213
0.4800050306060743
0.4090102165321136
0.4679731320885255
0.5614509827082937
0.4347866644893446
0.666635564161067
0.5920092518944065
0.5477905616655085
0.549127538690604
0.500585256038733
0.5111327625917547
0.31115404281203607
0.44901522788469544
0.6221040170249953
0.4522596280420077
0.4656285796471221
0.6789653747114696
0.45751081596445736
0.4079547233474866
0.6004417250284201
0.48636123697832445
0.6991740105516524
0.5546812141149644
0.5150689998140933
0.590129107653179
0.5075004991317987
0.48957094430213444
0.6364622488572528
0.5119592925337937
0.48249050233813895
0.7257728730721815
0.5286525537216873
0.6253529546384986
0.6197556987115587
0.3914112062567617
0.45722505454192514
0.4924400783228588
0.5003871453595226
0.6989450951915537
0.6520313769646837
0.5309506881195124
0.43308293211788856
0.5917056300676994
0.4485576303289976
0.4703174507140827
0.33109897546135514
0.6821142889122929
0.4397518704847449
0.43741671988849645
0.42976637219792097
0.3896793807150158
0.4218124826412527
0.4887770616420481
0.46972951332483015
0.5609903279578577
0.3993730636118415
0.4460265632241205
0.5548891090637516
0.5508591916908002
0.44242666321366453
0.523112365535666
0.4524487886476293
0.41750282803220357
0.4880777652150615
0.43780615943362383
0.7452311717408369
0.3945395624049257
0.33211996621870454
0.5798500286507583
0.5793719528118916
0.3517206398739766
0.5000768689512987
0.5404214690544011
0.39876807262785036
0.49412346638933136
0.4190509767947845
0.45910716279625785
0.5020924759726211
0.43371804045773843
0.5743088867931687
0.5397522381059446
0.49744592557681966
0.6979563030168117
0.40851688721291496
0.5509790530310078
0.5117726253667834
0.5369957728018978
0.4711040159821557
0.4312251758033411
0.5271447293526004
0.5234996316287575
0.6819104758170617
0.58506585705025
0.5215572453020845
0.5410109832421038
0.567640272213967
0.4718275626296754
0.6713657222962316
0.33457372628964543
0.36973905189875955
0.4695583283843028
0.49289765011386233
0.4950722376252984
0.48512688057492237
0.4124921019201884
0.35433453822608246
0.4845904173317453
0.5321993143338374
0.47101430278068396
0.47321001986457917
0.6428336671918322
0.6641603201504954
0.6048785541495377
0.4636857870126399
0.33798523540341374
0.5226033798910054
0.6997250396569455
0.5333829752709652
0.5778116502606618
0.4885440689842206
0.6626841541395746
0.4441946206636026
0.5561099058400417
0.6923555200575853
0.45261114283785914
0.4771770292461855
0.47601417124599077
0.4133360395237015
0.5382997168462658
0.5162532164796028
0.6340238282102437
0.561737298677698
0.5294409892781583
0.46445244589264195
0.5936523463387244
0.46869600542614953
0.6354867961211824
0.5024054302225898
0.3747896970170319
0.6003541202302183
0.42479250830930043
0.5216026300588354
0.549154935558155
0.5664269493959493
0.584653468466233
0.5392173050889889
0.4746324762094763
0.28731394759774126
0.4969803956228064
0.39516513640760376
0.6385771308141404
0.4133516664516871
0.4534149887814355
0.4235204608055681
0.34393435988360355
0.44743010613133005
0.29665901926829785
0.5431540024092073
0.5543399380939854
0.2863383093960842
0.5456273964689162
0.4212875152671916
0.5596181403577447
0.37048470336272565
0.4860911640476662
0.5440322540418225
0.6457928672981064
0.4369815485498284
0.2938321550073845
0.5445706086392486
0.46423603075389974
0.5929624896129024
0.5973187533563263
0.5683280491800198
0.4598904687125186
0.42096324562500254
0.5522071915925469
0.4639072099680369
0.7474036829805852
0.4585220079472321
0.5531616425337333
0.4557421050443105
0.5184354033900767
0.4224690498830352
0.5348101225191708
0.4588780222610283
0.5125613059952314
0.4718979951377116
0.4050072441879431
0.6004754818018191
0.5964824301981881
0.47351300367597104
0.5712462969301376
0.3510561484509813
0.6014382962915197
0.5663493598976211
0.43011689464020564
0.26953164163040366
0.4684397620196517
0.3448816890434009
0.4159380825201754
0.6565928406284921
0.34952314578085386
0.6602061359648406
0.6348158813281439
0.5381840705536669
0.32836820565394387
0.4494020485709687
0.5403797039379682
0.20302356706522212
0.4613724482533149
0.5881379566038918
0.34941388994063016
0.5255574255655817
0.5228079794240027
0.46706084534252945
0.4142547343497184
0.6104973104204922
0.5697590423834803
0.6205771760033796
0.60142643558416
0.6003109166044548
0.34610867445771054
0.4367840534055192
0.4200206316405501
0.5778123604646948
0.3718107950805886
0.41507592093159196
0.49606936423926606
0.4217390473952747
0.46579620048543047
0.5711132567499757
0.4031375110487505
0.6021740365228662
0.6156643875501369
0.44133387316642814
0.4987639291704172
0.5528474192518719
0.5497424531505023
0.45563894669478533
0.35781623328163636
0.5975906769139029
0.6030960843914773
0.4912353097174099
0.4859425544016754
0.43767165555853726
0.49665644244857915
0.45568745179382797
0.46696259544810326
0.4355716438944063
0.4328712390425923
0.5622299619962857
0.5357025710556108
0.4910726275245238
0.48797322859332126
0.5289727659655227
0.5315109269874718
0.640859129851207
0.4238071102785166
0.2805876476622796
0.4495990239404589
0.3269382820321609
0.3600814659736726
0.41050420237685
0.39374510524609907
0.62694690542045
0.6774993593254198
0.6861500705882068
0.6391444098563438
0.6324411429763009
0.3630121607081352
0.6510088841223542
0.36470685277527
0.637889743000966
0.7137763700252225
0.5110917252302326
0.6748660115858743
0.4836697882820157
0.4882422582291972
0.48695682963756737
0.5789690670417085
0.4193078579107199
0.39496055341144165
0.3412020117333117
0.5265505361351585
0.5034043816497478
0.44625826023398835
0.5596969407132131
0.4518654958583657
0.6140289992300085
0.6131013406014054
0.5983237543320152
0.4846060930691797
0.49363786651665137
0.477686571152881
0.49456061875003116
0.40894194293133157
0.43216194694149557
0.3883876685035943
0.5697569789009526
0.41561337121647196
0.4993044740193787
0.5426661625581436
0.5352800518082845
0.475307653158182
0.664004743814173
0.4754382448239237
0.5522802946116939
0.4255006371535852
0.47785005720121493
0.3086377353455665
0.4155209143826097
0.48973195205176195
0.5822215794218916
0.6248090131325621
0.4351332310097823
0.38367785442640023
0.6089417042527413
0.5353613630776327
0.5901514727504056
0.6680309661398414
0.5400381984972362
0.377966646866082
0.46789427052595667
0.6010968491509329
0.6011155646325101
0.36979053035861575
0.31939585967138256
0.5325886313568472
0.5192260291418611
0.6636575523569941
0.6501519955489709
0.6455651870359811
0.610947303489242
0.35072067733274326
0.4097985370158703
0.350914317108139
0.5454003217097608
0.4906373585137733
0.4005543565372744
0.370862883322137
0.5893598905501536
0.35399490055136695
0.5580103362555424
0.5293664088393053
0.4380918343388768
0.32797922444772454
0.3097281199033536
0.43244976346850805
0.4431511401336576
0.46862590705883583
0.596521664378813
0.6701523924738406
0.49194329745071347
0.5989480090465517
0.6116123584096315
0.3445300806562265
0.6315260642705663
0.5095128840656837
0.4705511996015806
0.4021188070704749
0.54047314066787
0.3263505964181717
0.5388935840922168
0.6302241408705295
0.5680470647589762
0.5992894104130165
0.4002207809803757
0.47158884008446494
0.4109274014286556
0.29958980262536616
0.4379065343012418
0.6027583888388894
0.44890333585222675
0.3214127761864247
0.6273669805996857
0.4007435743033922
0.5533046168223456
0.5636895534269301
0.5701480204380014
0.43859479222757286
0.4740784657575369
0.4923181842786627
0.4158355521974392
0.4396087639689765
0.49056313243068034
0.5830112406416689
0.3905557615294668
0.45262677617253644
0.24187812161847766
0.5510494808019967
0.32255461207011477
0.46974979064611144
0.38947577458262184
0.4049333058908776
0.48826489779205917
0.4410825545586724
0.35402853048811717
0.4687207651553943
0.4866104500043451
0.4206819923547005
0.464787567420973
0.3833353535716962
0.4810123886226183
0.41238210890634264
0.44496402124479306
0.5572323449966581
0.3816314392681314
0.5342932117766364
0.49506421431325537
0.4545099919016814
0.5265697969637703
0.6460834907509898
0.400466683157764
0.4631293307438188
0.48928152525959645
0.49908072584392815
0.5222104943541463
0.5364241453426127
0.3310332412123046
0.49789609774340104
0.486579544638925
0.46200475505155536
0.39561062553252047
0.6969319987774436
0.46509058532602726
0.33597274478463857
0.5530048180290689
0.5640113251808808
0.46353036726327806
0.38911793369477865
0.5873440221339067
0.5597197206120196
0.5849762495520965
0.46868977384823096
0.3328927186581084
0.4245161017199013
0.3986469630860706
0.4413481287072311
0.4294556705257193
0.35118221417294604
0.6240593408082569
0.43578675745011775
0.6758079664716161
0.4985936791187984
0.4135403530493889
0.39732758752776465
0.3692499044751421
0.4032605444157287
0.34697828965013067
0.692729245089376
0.47317422467037995
0.473127319943609
0.4698393882248792
0.36291139228906577
0.6083744776941212
0.37046760426195463
0.4740716341942594
0.5336201696669844
0.5303191564694391
0.37298683954019607
0.3949180169919686
0.6927418761587743
0.5696421247248032
0.38458871580897214
0.5004878767876315
0.40855922520165655
0.5181546694156659
0.3998815432428534
0.6027529092258844
0.4454476693766583
0.34007830930583594
0.4980030131831473
0.482300406716569
0.5019211346883169
0.5521056696569716
0.5082944513341314
0.4941789388376508
0.47395492745353174
0.4974468513511858
0.42546899096790547
0.5145824970684678
0.6814459265446996
0.39548802133505634
0.5265898762721442
0.49655435925906544
0.4738650147874336
0.3798623156613259
0.4637067582307154
0.5716622277722989
0.23989697778790353
0.531197146931975
0.3865701883204917
0.551249229571133
0.6044143842170563
0.4567048017205986
0.6209651340364964
0.25580420648055435
0.4688402531438657
0.5278030077595972
0.28138827959852397
0.43896981129237855
0.6180516740547036
0.5277821020647889
0.3879416843868333
0.5181575103560105
0.4326898777926995
0.5256272214861489
0.46733858612918444
0.5430844362003189
0.4549495812071995
0.41654509879497353
0.4939179166153761
0.574773719438423
0.4913399806893145
0.3161493831033635
0.49626143893027425
0.45741498745433506
0.5675258405999881
0.45401476575190314
0.5409942045663584
0.551977464369451
0.6144364606270148
0.6196988203852978
0.4486403966844079
0.5601619274215673
0.47808729006613493
0.6804222907470306
0.3057246270713275
0.6624291060970002
0.626243866756627
0.2228668959563655
0.5556440122581469
0.3673241010327034
0.5279113323210044
0.5223625491842647
0.7877404882371888
0.3285587109811471
0.6154167230094347
0.43547297077455793
0.6212298953396493
0.7435622659776059
0.5110860713211104
0.3683124478038901
0.5983066092680434
0.4824451116047366
0.47566775719584975
0.8022614317153578
0.5872283463707638
0.5316904554328828
0.5994856917493596
0.5527110386926853
0.5393661743753166
0.5589867503407431
0.5295158969854631
0.6010162469063196
0.6016892160621364
0.5106206439778844
0.4226596730323624
0.4450144713831018
0.6568663539665016
0.499385381648695
0.6655679766697467
0.4428261607692292
0.4211630963397647
0.5791378039850209
0.460889130135277
0.4743467235192286
0.5684486349237413
0.507768563068121
0.5905975551325764
0.4288248448628076
0.4310626296320744
0.6339242348312781
0.45301591820718085
0.44312892106272345
0.3279490510299827
0.4733804675122617
0.5079298219098248
0.5188996608577435
0.572760261727259
0.6480477803774122
0.45088726681745117
0.49124465644304216
0.5823155257369139
0.44522344385531815
0.4876414852228293
0.6320569989738037
0.29708488830635815
0.5580545765118327
0.5115900937970953
0.39404713552106047
0.5493273522273571
0.42685944374133283
0.4339178944097769
0.5172330408997418
0.25665255186567215
0.5674362784909902
0.6278547846681425
0.47860515280566696
0.48303765390348513
0.5145326265769335
0.26481124743844175
0.4694520864148687
0.5304163124412453
0.5282734025440573
0.49519879861785115
0.4558153882248068
0.43177591037991725
0.440001218724302
0.4457067272560244
0.5934932267407774
0.45756215732270283
0.5638831110126341
0.6411886653679515
0.48870081755602857
0.5442869896544058
0.4805804957175751
0.46406677958766007
0.22366267847574423
0.4029641240302009
0.4200464465130307
0.5303528382116978
0.3515052865911503
0.38115410768423175
0.4394455920410658
0.5606882339173274
0.32859499238259726
0.5692663702445002
0.3933678191304634
0.5611439952548785
0.3524120225821064
0.6310363557140242
0.2908094715144458
0.5700111716375666
0.5206821205743228
0.550822759787859
0.43939231949941615
0.48417691493416576
0.45259507427272455
0.6039356838343496
0.5599104246401361
0.4493309115722157
0.6274762355240863
0.3421802318630353
0.44979985310352294
0.6147380624844503
0.6804676532034024
0.4814088543888622
0.7197241083982512
0.4651109136650689
0.5468121087293958
0.6038559181335701
0.5569156633998051
0.608819688100122
0.4331190689623434
0.6543799444935667
0.5795668227596027
0.4661279734036925
0.3589778214030612
0.36745950409674366
0.48438343283344154
0.5350084239448164
0.37087149696356503
0.5614176997397378
0.4767425286549279
0.29795165678623037
0.4995289404361959
0.3079336592207781
0.5876135434635121
0.3509122053763092
0.5331206094740822
0.5685842019659536
0.429276594462399
0.46123431220690536
0.5431571020449557
0.5056820728490726
0.4863803277703999
0.42494689888219134
0.42268255726581094
0.4423929527832561
0.5322130614150096
0.554597223320441
0.4607092838463708
0.6449539714913044
0.475854823503851
0.36053563504226044
0.5433293825452824
0.5706828498628198
0.5461604152977811
0.47581248208345994
0.6692743916644937
0.35064834480678897
0.4002180605587784
0.4799281016729174
0.6145037511543001
0.704444886990824
0.5608573755920915
0.5085523622065588
0.6772500159349341
0.5295812646365848
0.4999622025463881
0.5496667525126043
0.48706246652555474
0.42217719731794057
0.43931692539380623
0.5173781322771424
0.5133360446928421
0.5950531378558737
0.3965633190400357
0.36012099988652657
0.45768355708135755
0.5084142852729021
0.507423827530149
0.5175932477016189
0.4405475720741069
0.7056571099430619
0.6986632238612677
0.45704176036050326
0.4631273376275372
0.5420788168236006
0.5528820708733347
0.4847520212587316
0.45045271480126586
0.3761023182417963
0.5973297043745542
0.42755416767560817
0.5946638472009457
0.44116714521836603
0.5234095818243338
0.6385488563039924
0.5872370011171331
0.6417308780952183
0.43916898901782925
0.6954888672287702
0.38479278961766866
0.47680838478025495
0.5050024691461547
0.41810350256105405
0.33423368556429706
0.41207980822406015
0.4633061912161947
0.5824080466986407
0.42754995709717863
0.5398396909445813
0.42957635575813874
0.48376477928465395
0.6127557195140384
0.3210585239301428
0.3926597074105974
0.489607561793984
0.5165608720079317
0.5600283247396887
0.4085431202279902
0.582902793695497
0.5404668988664302
0.5452488515607108
0.4051157996467832
0.5699087270306995
0.6374679049853438
0.5372224073593839
0.39352357937840565
0.6259660554898866
0.4047210957691137
0.4818174155213919
0.483804202714487
0.775625949255416
0.5587747657449315
0.47597019109821304
0.56166350881978
0.46849421353925086
0.6039214708319113
0.36967497218617695
0.5890609907215398
0.5143815810653014
0.5926432293119542
0.45470529952092614
0.5216391305148277
0.4915312809981964
0.3655150757786576
0.4869027729451056
0.5347124638198593
0.5164689535199892
0.5236508935043913
0.5335939196196184
0.4759403341181317
0.4111086311987139
0.41387679447622705
0.5354426843676124
0.5280582249390894
0.4481945730029833
0.40096545007158646
0.5122442681557465
0.5241169779926661
0.4717238261740731
0.5150175073233401
0.6337441112352878
0.5914110374650047
0.39779840800411803
0.5951768629281486
0.5418813765313057
0.4551005615306686
0.3825269821707945
0.48346357380898763
0.5179190114832719
0.48300929566186024
0.4862682014993894
0.6617299966110552
0.4966058435289446
0.4962863337093418
0.6226337587867737
0.5642489934721883
0.5067832993099811
0.6863082401961954
0.6264949925876011
0.5606559689873113
0.5121693491379252
0.4744705843536998
0.3905047967923235
0.636257455790686
0.5033380462968026
0.20457992192581997
0.5563886552629184
0.535486233415541
0.5903036730991466
0.44516174959131105
0.44794488077136296
0.5239899384892827
0.5989902139138136
0.5812398651781003
0.41698777755944416
0.5998931185841903
0.7343105076574976
0.6570587706930983
0.5776281410333777
0.49234480224368304
0.4012277919884488
0.6406332735999379
0.677474715093747
0.563366068225371
0.519050417302846
0.32174275469275604
0.42283924223895514
0.5626870803963
0.4822817824419944
0.5022255798740611
0.39227679138094673
0.48748373141502893
0.5358952482854441
0.49583081399030926
0.6139037014468794
0.45960873418130743
0.5679446672367339
0.40299570733611256
0.5182328277486971
0.4430319622287524
0.5598675940099868
0.5169310634475288
0.5323911372811397
0.702727984009955
0.4893808434902215
0.6109702725042563
0.5055307282880895
0.5713665479716687
0.44420240072988953
0.6400660079811098
0.3945951835750773
0.46350928923610113
0.5408401489385918
0.5982813188097329
0.37185726473632685
0.49359844261816344
0.5522272730945235
0.5130471479141849
0.40957401266982313
0.6333250866023173
0.6023846349296993
0.37745200175738625
0.4887993430056152
0.6087114941933729
0.47772512132093115
0.6916421806895328
0.32259175542575314
0.44819818607605644
0.46501525379499015
0.48423990678653206
0.5663053488948295
0.5681304487683001
0.5300400702100262
0.6138550382762151
0.5857340015809807
0.45454360205979216
0.4498544114028989
0.5274526850268322
0.5745366216811277
0.5430106008052743
0.5587728932118232
0.4605150499907137
0.5189036652773489
0.41403050198345404
0.2964968991607386
0.625722077616347
0.4289497226444538
0.5493731811395203
0.55304271878027
0.4798798141495454
0.5849592605653805
0.49323212725100185
0.44028531428065043
0.48766555665061345
0.34756779256431247
0.41453413142799966
0.5354884737610665
0.43989877902855823
0.4175239240930099
0.5863192502640351
0.499350882488578
0.5422721944757547
0.4589161062996959
0.5971920233705572
0.5342352187648395
0.7177560620585627
0.46250918941210106
0.3417682983502429
0.48097066753086404
0.5532922504600322
0.3534197490328316
0.5248762235992545
0.4331134099756576
0.45736244273100984
0.4726661590509711
0.5602209726913108
0.4375646376180664
0.494743985757146
0.6418687928934387
0.4227835531374581
0.5319584704184251
0.3662751027007566
0.5603099858929663
0.41254523216159983
0.5000261442673891
0.5985349724247255
0.4585783450569334
0.4868429316055228
0.46202356280822215
0.4346020775187143
0.4109793269227793
0.6314819514071827
0.5598146447350123
0.6256873282742637
0.4750246697419855
0.48522797093013004
0.4611854957035382
0.4459000090332742
0.6164255105102531
0.5819721061938372
0.49555503795151806
0.5739608761447215
0.4022824517178943
0.6239942456927507
0.5871587330045606
0.6420649816512788
0.5056837988325686
0.5941112551597735
0.34012065275730996
0.615965739492596
0.491835754405558
0.47059694708720584
0.44470505177321534
0.6658601725201819
0.600823311692088
0.4274636728926313
0.40945644233919565
0.4906033103262542
0.6214761460304095
0.5987589836020057
0.603316027986385
0.36174871721572943
0.43745275073292633
0.5912767290291792
0.32156432995803746
0.41003836656899195
0.4191491566681944
0.5112484024692695
0.5370147739806725
0.5263838555886232
0.42671796746583823
0.4572700968177875
0.4535461666480943
0.3130573752924566
0.4123928149155098
0.42449850981969395
0.4967105029023544
0.4957124550658729
0.3992300546100084
0.6015729179932688
0.5695092191918204
0.4806074530094063
0.39879965668304
0.524751623146673
0.3018228819246432
0.5561503236120195
0.4276192368223667
0.46876212850223176
0.5092316051579193
0.6654722699107327
0.5788757650421457
0.6976776156812438
0.7415637212054054
0.5065624783566036
0.5369802547278625
0.572064428395682
0.4432436917351726
0.6668487813839749
0.484568952601522
0.3436021080975813
0.5021160480596389
0.49682882072291423
0.3224337601024128
0.46414704050132327
0.5194358800864202
0.3137908453139825
0.4143355290764948
0.49317002146595423
0.5446748100065734
0.3712005708278217
0.6423798122839421
0.5969096381919043
0.6654183864776773
0.6352107190608912
0.4644409344240754
0.6468205743365505
0.37846719481815505
0.55178911018318
0.5342321615881982
0.5307553250193178
0.4672220491998857
0.6563920610840219
0.5559704723321018
0.6684753696210712
0.5717591905310068
0.4081105822367398
0.24827590737333405
0.4577823492579507
0.3917727006361245
0.4773837122503639
0.3398687030065437
0.494597815874801
0.49585414611671
0.5474254499647621
0.47674516830839375
0.43500739205419064
0.4020124871809581
0.4515648171230125
0.5754242984605775
0.36576963269676943
0.6195864207395719
0.5710470260518768
0.3938858074863709
0.5915942598747679
0.4209494340752761
0.39267956072105314
0.5994594143470824
0.5995103847037296
0.23216136314033392
0.5216497446756141
0.6318503170178642
0.5572346855132041
0.5134322858151155
0.39823895939635084
0.3830644980052038
0.47699759816528475
0.5561895091253104
0.771267590008724
0.4885567246584023
0.5938070968786928
0.43253115755517424
0.6079968026076524
0.45132980818397966
0.44844792310617765
0.4680189153164107
0.4938261638396674
0.701928106897014
0.4240391381206032
0.41849695425834044
0.3747714153408144
0.6456653179156655
0.4681332168004418
0.48196085327840643
0.4808992628948878
0.501239869539481
0.5309611760003597
0.39464577616285035
0.7047334799000069
0.6446489233546838
0.5612238500374684
0.6561167278703091
0.642238848719666
0.43920691145697105
0.6561468076924204
0.33165126336302875
0.5090253065669916
0.4716264032092129
0.3280174937418927
0.39027550728646193
0.6189771243740659
0.47057381783074836
0.3584981700948642
0.5425913715613289
0.48467967728978867
0.518827460709656
0.42015366385616115
0.59262456230853
0.5289202289618009
0.45759521304091644
0.5184168866060017
0.5106288630342006
0.47164501977322143
0.358551960969409
0.5121328119721463
0.5263582298379903
0.5909151977902448
0.5405373675221803
0.3629796658146869
0.46460690507029057
0.5442901015354635
0.48494550303948214
0.31738730514353175
0.5018424750438637
0.5854071673982011
0.4893717007652055
0.3385220705634928
0.5465039275233163
0.48525550525373407
0.5750374428838959
0.23133873784677905
0.5197961117998398
0.4507300601487555
0.6176040996065699
0.6734308049819452
0.502116065239082
0.742532015236541
0.5229422649062649
0.3265077669353459
0.4901529934164188
0.5926491166410013
0.4851069761470335
0.5264165023945256
0.6889596142974255
0.6795448051423058
0.4622210537887807
0.5819277648519668
0.7431229210944119
0.3499107800397135
0.6246369403681094
0.5700178806900826
0.5140904460177936
0.32003599329360666
0.6065402492554726
0.26817996363898555
0.6229628120409066
0.573858953041732
0.5706035184293579
0.5669415037583299
0.5732422021689624
0.48819819838044864
0.42437066893449393
0.3562675434451411
0.41880255696813246
0.535218645829895
0.6713582324376985
0.49937460739406214
0.6967388790653009
0.4870031695039031
0.4975299696870566
0.5537851689420372
0.6001718485127712
0.5125756964395529
0.5392544357186717
0.4980398228469616
0.5194104530497803
0.616106640670267
0.5070808093730869
0.4818664406376089
0.3562326066159999
0.48234101682677116
0.5005197444613508
0.452911663860927
0.35671263819406274
0.47133866724971085
0.5673075983194067
0.5620910037183829
0.6655583284102767
0.4588129105574604
0.5052080090001098
0.6873514590614325
0.09027849476223382
0.6609871887587981
0.3869229088763132
0.511260914953925
0.5317511117458141
0.4178472033924584
0.47253267263053844
0.31384812796485917
0.4788275578836757
0.46937386398962044
0.5775108556110731
0.6484249387744867
0.3626763602429113
0.4534938234943672
0.5248617470687889
0.4334272219091422
0.4518412794621131
0.49593402284482385
0.4686525954223952
0.42391658828922674
0.4376317346872831
0.4605429299778763
0.48674168460043166
0.5119436421147116
0.3095625475105673
0.6112065198750705
0.566040830865696
0.420914534772649
0.6476293189791024
0.4974560959594418
0.17908847205392048
0.5574680640570113
0.5187516892644047
0.5912293068331901
0.4661808983150387
0.6258913613242806
0.5568711520060112
0.2923853671259644
0.623364149097283
0.5051792578392448
0.5052551666101314
0.44300046225522494
0.47345197256858523
0.5709846325445316
0.5891933604846314
0.2891322762256176
0.723138357723445
0.3793861794861474
0.5261125431724333
0.48976245603342966
0.5775138706157816
0.6147804965671338
0.4304502204474865
0.6391751916201556
0.5603389535110838
0.32507192051576717
0.41316131717817195
0.509820286877832
0.6975336565811499
0.5728146506266834
0.5188026006433294
0.45166612468286216
0.5757404437716254
0.4546328638590778
0.5734994343133476
0.5803410779204731
0.5315882343690189
0.44321914585316924
0.573583465434742
0.5939517148622174
0.5572047164428069
0.5398196206497707
0.39544570398408274
0.6013461262369502
0.5633302953069435
0.6521687006553987
0.46928993200378594
0.6594975135300231
0.609682706820567
0.4778032511223127
0.4561649693925567
0.5503996680620731
0.40869773785888486
0.60863630778564
0.5253369850021933
0.46299338579670024
0.5996112221793236
0.4558567075308048
0.4028675755428995
0.5333829627262836
0.6464618588720223
0.40715531695399265
0.5746631042757396
0.5994286441501988
0.4317894885297368
0.5872582111648692
0.4310187876666094
0.4733068590413091
0.501109561795653
0.37192135518109726
0.5461482734585098
0.38683786109046686
0.46399307387483923
0.6224209109119199
0.44252921854678756
0.48372990113801195
0.5054917710563147
0.40039098010613505
0.5048062901424384
0.5581065536395684
0.5553263617855906
0.5889083957736919
0.5088595826811011
0.443344809504305
0.6077742893839704
0.43543420528917554
0.38979771702658744
0.4049258797173555
0.6054997447128111
0.5407800605906801
0.5507478188940191
0.39154144024780047
0.5818203793641292
0.24843744034584514
0.4095775616743298
0.4519337567511702
0.4350698514134417
0.32065899710485946
0.4097946333349154
0.5317735000352616
0.4978502263592132
0.5805078926707693
0.5684759997810854
0.37662520939724137
0.6739317900330426
0.333964207699071
0.4163683558600051
0.6088567554477017
0.4757067463439004
0.6436514329722207
0.5486150776875099
0.4771934910480816
0.4881783143273245
0.6830689703745754
0.49145625745381294
0.24841378194687785
0.5900090954800497
0.47553783995062937
0.48709281416498806
0.600235073635059
0.4992272496279242
0.6405990258941072
0.463567977292516
0.5132004593580423
0.3957110065150919
0.4151976120930493
0.393828344386882
0.5314979626297749
0.6778116492670871
0.5087949397231138
0.4661253755265087
0.4904293378562229
0.5014332769343915
0.3631811486406072
0.4069888324203235
0.5520049070478037
0.5676517741751473
0.44147487691656584
0.364872684969166
0.741662829715621
0.47468522543260333
0.48227790372641854
0.4835994148473412
0.4524343985015601
0.42545976816715386
0.457937879487636
0.6093350563253486
0.6447197797245997
0.3561030313119452
0.5571093202556239
0.4784553561943157
0.49167304382089005
0.6645622353782035
0.6060559550770449
0.49742305014831073
0.703912203939817
0.4616680337049802
0.5160635582967953
0.5100537337108029
0.5597255031567425
0.47423474967694124
0.4765497063772672
0.7128463381543683
0.5150245016670265
0.5986563113918674
0.6463376914932188
0.5862135600070605
0.5910967415722181
0.4777183804357143
0.6132110486366908
0.3928677233032813
0.7027670420370145
0.4362578138324737
0.46168870470646717
0.20806938332757985
0.47635406574259787
0.7810014151617033
0.5553920776950023
0.5941568901534704
0.533402330733839
0.46168735240254744
0.6209915213579001
0.3980800301533959
0.4001882454041664
0.5113041850367788
0.5729127042602938
0.3860543084585519
0.520756114269865
0.4288323250195571
0.5391084357662227
0.4424377204290112
0.36904600604623883
0.4828695292173248
0.44202198350820915
0.6051224270778661
0.3835591849456237
0.4549340507456436
0.39761638675961297
0.5010472787209469
0.40478006973040925
0.6389591393980893
0.36928933049209517
0.43730991917663764
0.5783322049242037
0.5555190611183325
0.7123307877795294
0.5008026788502061
0.6100012428092307
0.45761330727786087
0.37738028270419605
0.5536157645145345
0.47395456734133945
0.577187192263112
0.6379971576978423
0.3721232759860632
0.5409137930227799
0.512704484803571
0.6391139134680769
0.6170381774795071
0.5390377089379823
0.40988675508737726
0.4779494306839901
0.43893908565075157
0.5369157256866979
0.7364091865162359
0.38094319194125786
0.5126537708131057
0.593709379364424
0.5975675113167412
0.4669145113717412
0.5668274334861546
0.457431127391163
0.5231845553230899
0.4758848105443391
0.5756741734226489
0.498497692143254
0.5694463975440857
0.4480611035009418
0.5759427940918662
0.6349535278217747
0.5230660292494789
0.5507281572267614
0.5265393721849142
0.5945573602771742
0.4238656756247887
0.4034044500707698
0.652484706455381
0.4715882541912477
0.5094951652021651
0.48306510338495623
0.6099235721159932
0.6040156691675187
0.4179276753433907
0.4227091725176459
0.4256198970487703
0.4053940626105828
0.42032169818838017
0.5563744913435329
0.4691889610418271
0.5375625929210489
0.5706079017768656
0.3625882430578621
0.5067037221788586
0.48292750482246904
0.5492692038058364
0.5579774016291815
0.39126428817466347
0.5508848798744176
0.5157588462996371
0.3216097774402017
0.37691131414909534
0.3451583277999296
0.4650512548767439
0.5292031488431319
0.5729722006804124
0.5873451296425964
0.5240798249570345
0.631753801948382
0.500980166547947
0.36841260676758286
0.40238932774977876
0.48090341736345604
0.29293934306119607
0.4686178136460033
0.6287996144938679
0.6258846833983746
0.5010644304905133
0.3830874413332619
0.5560518034807638
0.49964832946973853
0.5319173353982951
0.5036973274092325
0.48735341636452084
0.3972412736411856
0.40188968048828877
0.5257254747301415
0.49919338642156874
0.6368910598571182
0.4757930785800806
0.4219333452623358
0.42234031025416563
0.6167634291102899
0.6485203448099294
0.509867341242221
0.5572085550345472
0.3546066830901704
0.4166957777358697
0.5704329888686378
0.5906451330493651
0.7891486961709451
0.451130152507956
0.5087196661619531
0.5561974476730565
0.5198946604988177
0.5818006269798185
0.5446504219049207
0.48059629170020957
0.559253823768966
0.4172965604968815
0.732763313793604
0.5570400715939879
0.32161902458652225
0.554126380134727
0.48058498146165995
0.5152548303281698
0.329247376755577
0.5102441975003225
0.582224004794573
0.6563039775584054
0.5326692020719879
0.44968750734022955
0.330962526508605
0.5072250128288098
0.39680849068478147
0.45401921413694857
0.369636349732362
0.5944334463215342
0.4651435739413304
0.6711979902692112
0.3921326692500014
0.43600663938861894
0.8487111169878878
0.5507137437604586
0.7086991744214488
0.46350925328431053
0.7016767420008974
0.4887689040501206
0.5004911972492717
0.47013762471282716
0.4680981955206072
0.5394441104333658
0.4936993605579669
0.5680777235914491
0.5694418648365843
0.47060864290715265
0.7109720509986416
0.5078912838820165
0.4851543217509684
0.42042169872630397
0.5590441000273609
0.5775918937919251
0.5697307697129252
0.6093037179560377
0.4977274415753563
0.47869401485724505
0.6079814695921046
0.41361948486262556
0.5452698196284977
0.5585667174289555
0.4454896325123547
0.33830113786904403
0.5524582175482688
0.3231079980551673
0.4758184949879033
0.6103428549682093
0.5247497564576279
0.602419061171813
0.4000249804671646
0.4641854419722363
0.5530755426306954
0.4077215133698034
0.5072294284920542
0.574158363894037
0.44983294458748424
0.5606648376303625
0.5377639071351585
0.4661255421749474
0.49467913216753384
0.3718509146292778
0.5078230330988172
0.6161604231060697
0.38715594413622695
0.4782364772804289
0.5250091884967653
0.5534578581053673
0.5624505742378818
0.527004042305251
0.3067205994463438
0.5548795279760266
0.39969493740955
0.48379952234205753
0.5682678100225251
0.6300148463233564
0.5789652700072023
0.2652008859791395
0.44222144887665976
0.4092238381235842
0.39043115861522265
0.5794354765156012
0.4809949641415315
0.632573444894654
0.39955261716499835
0.4235116889597767
0.791794682550159
0.5657777473360669
0.3456557157969403
0.22966278013797697
0.6132056260554163
0.5156792538353936
0.41512241168178765
0.5618855671625718
0.4748023941162914
0.37423026104646473
0.5248419138964726
0.53572786466861
0.44895161556855945
0.6803698290483825
0.5065418639474781
0.4666033056508722
0.43292805747518737
0.5549520806001409
0.6094550289122777
0.6249880008114256
0.43353437153402996
0.46421065760468366
0.46921977372084694
0.2506989914631019
0.4220912626276523
0.5508320125833172
0.36317656578580304
0.5040533935861626
0.5349420286830848
0.42251666550388595
0.5409349469308162
0.4690435588688513
0.7258796330700976
0.40295502122912086
0.34463085016521766
0.6783305785413662
0.5580223924032222
0.4366014174458127
0.5901546680299337
0.4326190714927356
0.4484214205690221
0.5570246642868172
0.49721534367514075
0.5100593785254861
0.5442982982338839
0.40752632268615413
0.5344997912597504
0.5290140327347415
0.576132515581686
0.4036424815529094
0.41281364664457115
0.4610194721758232
0.4137337023133759
0.5562003240162775
0.4330810456424829
0.5053710897692459
0.604626696783824
0.40940828756522296
0.5252652224031737
0.6046345782641349
0.5124761732949494
0.40548582535531436
0.5486312095715438
0.16481792462436218
0.4525815569576166
0.3676911896135179
0.5340577636371331
0.43947951209359953
0.43153122497443464
0.5129339342907875
0.5515679019192015
0.4213394339541563
0.4580083494179556
0.429487586577475
0.4229690898463885
0.4481947448778142
0.29497285694875297
0.5581709603288462
0.6142397536983321
0.46222441167883194
0.5323265713347383
0.5233536787645172
0.41825669022363127
0.41109836654557286
0.4558254357258039
0.7551979123540502
0.5568168652012799
0.646164346890852
0.3891330461805741
0.6264161306288754
0.5001894495256557
0.2892527279866399
0.6309912116855348
0.6788383165269152
0.5707112108020101
0.5439560579362176
0.6071347229117072
0.5679240849363306
0.5141644526822218
0.7407923591754642
0.4884395399961684
0.5573224530659121
0.44240502251426134
0.7205158624137755
0.3621863303716759
0.4019383362900815
0.702596189787693
0.46899610953833665
0.42805966766724646
0.6655198714804682
0.4510362457271352
0.46618667218883403
0.5713084727597865
0.5450194264521308
0.5491551603399797
0.2823407994753242
0.6013576545345078
0.48450460370948406
0.3890118063768808
0.4637731949836931
0.4932173490521076
0.4379799624769923
0.7915767176421258
0.5299279832757903
0.5090732813458765
0.4566234583203512
0.3901657012791241
0.6904285593594015
0.5703914469873334
0.5293384324268897
0.5646674283125214
0.4876398036339834
0.32531523002425966
0.5203085902022265
0.6475868195103676
0.5671677544144625
0.39892565774865213
0.537918240728627
0.4994705286189105
0.5073965584160655
0.34097685024290864
0.5153043137396192
0.6155022485067906
0.4725941782290273
0.48998731159088005
0.5561342889340302
0.5815632971605297
0.3876677632004076
0.4802318799247116
0.48047912505753587
0.574998784550066
0.6642067355298472
0.261126085104479
0.4432133062109712
0.552393848017989
0.5785256323263168
0.46764581671768385
0.5078343594177974
0.6504392690503747
0.5130518889393181
0.47405496702789085
0.44518914155489886
0.5291464572061952
0.47992533325497666
0.5495116205261249
0.5376319030480425
0.3311897330046676
0.633109479439454
0.5962978096044302
0.5496081316561895
0.6095642200265885
0.41654498847736565
0.5390538362577542
0.6362371153610872
0.7333224556604175
0.5880034762756707
0.5523791349070417
0.5925828333435954
0.5151924397294343
0.4728126241708307
0.4425949399827474
0.6092914425397639
0.6103716731910533
0.6866359765135744
0.39189267497789343
0.5995304834551224
0.49996350724107474
0.5000932480294427
0.35046944435669936
0.5552495614618483
0.48553153593066595
0.48274993726325555
0.5658719528505636
0.6845764244229514
0.6285881153721925
0.5234069425400962
0.5998637095495294
0.2931298124442276
0.3836229250154558
0.6585844323790013
0.4285639124197997
0.3901434816414576
0.5667512208907971
0.4989858686304142
0.22039423005049058
0.7472168156960521
0.47451342702707255
0.6410143212146311
0.5286863755507334
0.6756810153858022
0.4397827550821909
0.38863420090810974
0.5575387127007789
0.46341142650769573
0.4627210006962097
0.5038984533156948
0.5156655220046406
0.3538878818492134
0.46674722377695704
0.4817653841068621
0.4128293204123225
0.5161068560922902
0.4946814293866389
0.4366032807342269
0.7255626581641288
0.5667901844168028
0.5494738308006503
0.4916610671096572
0.635068217605804
0.35243812892468696
0.47870190307660015
0.45568645500496535
0.5578412932030338
0.4662366635103158
0.508500605099049
0.6213771177707147
0.41871410353488253
0.4457559685671112
0.5098068015185027
0.4602205922510734
0.47455727334498476
0.38626970974550173
0.5938953477436049
0.49605929249236297
0.5057806400352161
0.5181858843783897
0.5629917528057296
0.5354064809664013
0.6203087793105027
0.4366799563624177
0.46147974100033834
0.4485284746224263
0.524840723813805
0.6427979113587529
0.38552458968592707
0.4151046100435176
0.40705998571339236
0.46542215697647693
0.47338416880981843
0.5404871191761584
0.5292692907945679
0.3213793913074332
0.3870978585521378
0.5215778584078551
0.3573913058020618
0.4939007914591593
0.38967259545260285
0.5660593090189445
0.5297878296768854
0.48350613131661035
0.4503567081024459
0.19042270105511716
0.4530708465924937
0.4446545747512937
0.5383416914211737
0.5056590034808434
0.4856703570968036
0.7085992549668704
0.6287367761326004
0.5102504895791723
0.46979819635488124
0.5663980471601952
0.6933874586632864
0.3539223215590172
0.5095887651726216
0.585031853019339
0.4424124963592086
0.5228044939137765
0.4027011923652518
0.523034384094386
0.542862338474457
0.6046459171971333
0.5576236282480657
0.33584131532001005
0.49570172664757134
0.4145294575140256
0.44192594965789733
0.5319036589756426
0.802732628342666
0.4357754640502299
0.34312565151403085
0.5665972742318673
0.5155594625916919
0.40116889345382745
0.5781906383303711
0.4301540997048091
0.4008345533296631
0.6231016059950603
0.555720820357255
0.5052125713208485
0.35755597452350685
0.472891104512021
0.6440249540533465
0.4954817952926718
0.491381486257188
0.4703982886689646
0.48020543892161066
0.40925857366778007
0.6896005731250024
0.3942722530358522
0.5737693896050544
0.4989356590801449
0.6519915799020986
0.5403197582486242
0.7500973472266426
0.19928085657124867
0.4360304106850378
0.46961805836787057
0.6106186068269479
0.4631263711321855
0.582460370684199
0.39378187210896315
0.5542227748673755
0.579376603989268
0.5697736599462294
0.6031658190325894
0.6010099833349685
0.5811473390892383
0.5266015031330853
0.5846800542901096
0.4179100797246728
0.29558890197670873
0.5422817571222676
0.597332927810359
0.4176646838893009
0.536082077047155
0.5053905111684304
0.5819371726155704
0.4976739226053759
0.5512246465717825
0.7210084669216236
0.395903993723583
0.4795362187352373
0.4075045660251201
0.42333121926747347
0.5794235660414332
0.5725956694183818
0.6010693391431466
0.42970681974214553
0.6323921445989789
0.4625097989382913
0.688446248977414
0.49798076743017694
0.535726847648168
0.545277333077547
0.4852862797107526
0.24881862271077276
0.449962759858892
0.495361981561918
0.43978533764460975
0.636725699537982
0.4812576872956061
0.41775246576262764
0.4678988292413251
0.7303040927964325
0.5230490557297193
0.4633025383832486
0.5071141062305242
0.5145227178582695
0.47027252736160424
0.4504132325011207
0.7261078058991621
0.4802467021391629
0.5549267717447723
0.41334943462433943
0.37191820303178114
0.4523404966178489
0.4889071372141345
0.4747319577175043
0.5542779738685045
0.6062062896314777
0.48845783945686116
0.45444060600448866
0.6624558885806626
0.28830821009597507
0.4111989543444969
0.4600414178154527
0.26298205970820987
0.6055802786542452
0.5437768640723395
0.38164256265638613
0.3174113034748862
0.40898819546483917
0.5056527505267723
0.5529205301153461
0.5901657112175621
0.6471402810003262
0.6414328727705337
0.4669629097221732
0.47509953940422334
0.4288053409915938
0.6300154228589592
0.47467314369614727
0.6022282586629955
0.427646233247293
0.40323732801526047
0.4891224255047324
0.6178663646995401
0.5512894799138126
0.4376273049446222
0.5538478306400753
0.42712008983212135
0.6989916637445637
0.49397594953538215
0.5615450453826083
0.5125464894313134
0.4229072341534016
0.6075820637886139
0.4292895238625617
0.3841897668854195
0.4867468066762132
0.5416301136005296
0.40767931280884
0.4839707517432566
0.46641016200307117
0.6803435003930287
0.6091557306718791
0.692285860798033
0.6914371030798685
0.34161124459604486
0.4248524946876687
0.37195402281900614
0.29921764934038697
0.630415723434607
0.34021548106013055
0.5980476372072009
0.7607599113224098
0.3257797092026592
0.43655810121569294
0.5705745892902898
0.5332694515270591
0.40258420983160437
0.2469542245140453
0.5076918756711579
0.4532553542849292
0.4170470817319415
0.4928894730625152
0.34049789028308863
0.34730284137295064
0.5638559112368207
0.44484336292967586
0.49795115431666465
0.630119427669
0.4372559432377846
0.3178288609054204
0.587252173331801
0.48521180460846897
0.3485846742013055
0.6686001446176169
0.2725759039213642
0.537461373675073
0.5314990533980863
0.5549151573688093
0.5377250991211592
0.47402941998921116
0.40964310321706354
0.501842058095272
0.36824039468674563
0.5668481903468071
0.39969233975734764
0.35570258038083047
0.5359475505565588
0.5899150697598905
0.482731884974773
0.5844323971653215
0.49970792756566756
0.5413747154343886
0.5327500191961273
0.514099159477037
0.4211574313328082
0.497072171422252
0.49343046123889034
0.4108771494390564
0.5204837329729254
0.4705146233563088
0.5164314331742518
0.5097912404967132
0.4684021564940272
0.49181726682698496
0.5164219688545759
0.4966697612825402
0.5049210775719978
0.42089907517330316
0.38780424527548846
0.5278940591110106
0.38583648866334075
0.37580053418796544
0.5235645200548429
0.4708431029683438
0.4165338260926717
0.3245610717996482
0.4516830270636131
0.4641137002645701
0.4441100958522532
0.4234286531692886
0.4237058973681053
0.5866023020390819
0.38665416688141163
0.3958484467210148
0.48540596396880287
0.5503657220070124
0.35343389686722776
0.5946227118236095
0.5649985135084493
0.5581789451029584
0.47720918956872105
0.4900023072289971
0.5714948396278031
0.45117224837935044
0.47523379525974363
0.6608439367196394
0.46329316619502026
0.6566692485935257
0.47210401968937465
0.4381759764144777
0.3805326842784328
0.45760277304040015
0.38028470633380074
0.658761370286364
0.48629288805630433
0.4641046425402986
0.4694186819782812
0.6801144716277865
0.5777612226770281
0.7103540661942079
0.41777652838800744
0.4968742052045451
0.7238173004382369
0.3550952518739708
0.2911696901041635
0.48432017219446605
0.550941413937567
0.300069772605958
0.2661766292624984
0.4449888391092284
0.5127424047469891
0.3628116003650212
0.5422128850249952
0.3540881617886462
0.45872180653163847
0.5922565147478048
0.5981227696395411
0.6770655291162921
0.5878407860580716
0.4748352795603347
0.5881917658568339
0.40411574969330266
0.519183531740725
0.45197371622452276
0.5681409440116241
0.4145335915830354
0.3120726100339115
0.4518276213999584
0.5251325533298327
0.5183469819377503
0.5141338421230979
0.5043128828390884
0.3863456844600228
0.6117867196507416
0.5657379305801675
0.652382458456103
0.4256795908465317
0.49136847805318523
0.44114960016736005
0.6949349676425243
0.5125091555935474
0.48677836754137005
0.5483416785063497
0.6293645304097519
0.6070512499899446
0.7247566437922318
0.5930859059486382
0.42851789038640503
0.6730153377530188
0.4184576526405359
0.514619800176388
0.5136203350947933
0.4408083645191495
0.513495400817424
0.606670688504477
0.6173833152207491
0.6611289858516886
0.4470722841153182
0.5157166224860774
0.4734040412817901
0.29830197048916685
0.5461432505601818
0.5957616337732405
0.47795498619738236
0.3848189538489676
0.5384220425134806
0.47428319050067097
0.5513089619604833
0.5562570414494177
0.3550242726718669
0.4494351521092959
0.49014397132317983
0.4528999941327602
0.5358694245289254
0.5900271066552591
0.5084981808548129
0.5304409708707986
0.4680603650258309
0.4543666964488694
0.5062942709636796
0.7173022175744159
0.47963366253485523
0.3725772182340503
0.7465725418995726
0.5839227441735917
0.5104533491648936
0.6492394561665871
0.5745396510380495
0.4506783482730199
0.39647222050780356
0.6307077034646846
0.4809486445924948
0.5070437600143132
0.3629952987168267
0.5130691024909052
0.4131941981999495
0.39662806791659927
0.4451979961253941
0.6145165762908893
0.5022922792764014
0.3056877941560714
0.36590168331570294
0.6393440376462146
0.45002095306692375
0.5143227201232274
0.6382775255061295
0.6083944463848143
0.5549519301911388
0.5587390694494228
0.46594177937111986
0.5911514645514879
0.5567030659473055
0.5385507824699428
0.4799542439765331
0.6055474288664334
0.47860945802189014
0.3875173284196794
0.3493668474226046
0.5441668554954899
0.44092448006115276
0.5543862393268978
0.3871788134850247
0.5931449759770064
0.38791330567349896
0.481096745593616
0.5808290528169016
0.5789531159346947
0.5077103415550103
0.4476098943238861
0.5413237161672722
0.49380677280803104
0.4022964495005969
0.2081336093416512
0.3836759841071137
0.571427836239198
0.6251234680663078
0.3983243032723828
0.5014389790937993
0.2835803102571545
0.4688134846866022
0.7183421949976494
0.5629959513071503
0.3896299851859639
0.4931568658550766
0.5143559493262695
0.5319261381748565
0.5293845924018683
0.42607875459148115
0.45309776577033484
0.33621496639532417
0.5703565119066863
0.4782716044248636
0.38915543466057523
0.3945745979157337
0.46576566743176806
0.5219740893181821
0.41640485526066273
0.3120709573145715
0.651146119934679
0.4010244223395496
0.33707413319503887
0.36766792311861346
0.44198404686580606
0.5831902466007242
0.5155109105082892
0.423431369711484
0.4194075069603729
0.4062082885187217
0.5489228621284082
0.5831228208875997
0.45136162012862935
0.6900436507201866
0.4166807215819355
0.5198165254526952
0.5788911861380293
0.37617522383261476
0.4097351966847674
0.5029378380664162
0.4931579575924198
0.5022947117685223
0.5342390151452211
0.5109845719390014
0.6393886856249176
0.5618346856704541
0.5503787010207413
0.4619998854488129
0.5008493250348134
0.4577095072481822
0.5506749991027102
0.5953080198011961
0.6333237666329179
0.5353053505637246
0.4161448288429746
0.47782734215037337
0.555202907894983
0.365052515458022
0.5409505228848503
0.2842455225946373
0.5702529891608304
0.4727216438292283
0.6222673242316503
0.401114148701615
0.5153777996016595
0.45028051703737704
0.4894217447556955
0.49493952291493487
0.6538501800381136
0.5209488934874228
0.37891222205591363
0.5110284344615653
0.5673221288971377
0.6660504817121196
0.5074541603124831
0.44128893833947075
0.6234868712674262
0.5340239998326533
0.33468734881477835
0.5147411157980883
0.5796572614842767
0.5579909218061816
0.6600024185636543
0.43900189633732595
0.5415183527432202
0.595471315306887
0.4845504646691541
0.3454941141025694
0.4256525419767295
0.560520489797543
0.5009417810726737
0.3249103633631081
0.34606851887414125
0.488433086139928
0.3938419070028376
0.6209460677445514
0.6549872898494941
0.418848348966609
0.4519433595826691
0.3775121894456164
0.4723135628363054
0.5527530466198154
0.4011873359167378
0.35514916583502665
0.5134190964965756
0.30660913538945944
0.4916853527090929
0.5002712459710302
0.436541518274909
0.42637187691737277
0.636011872788816
0.4939977712502719
0.5229942070069609
0.35984844984909653
0.6341332522042576
0.6862538101731414
0.5995432596377727
0.7035928305891671
0.47570308872241246
0.5878173886054898
0.33394192307837856
0.5465739074393533
0.4472732948340462
0.44170276377988327
0.44279176057188163
0.41332329551272506
0.5645515198448009
0.5732167651994035
0.49045330194637793
0.5879197422055583
0.5052475950592134
0.4688096020308732
0.5217332778119665
0.5755104803115458
0.38453440967359204
0.5568265086002359
0.4584173681641723
0.5005682083599391
0.5510777980331562
0.42251999660162803
0.46642433445292203
0.36002383895031675
0.6526399698797078
0.41941908777013875
0.5533854429841869
0.5131813448600119
0.4803799952328432
0.5478735273772631
0.4340566507312085
0.5147464990517321
0.46356424791512957
0.6322268155877858
0.47922815037591754
0.5984752615992857
0.49744857005805804
0.5962014559793581
0.43241640192398034
0.4472568526875175
0.5836470150920913
0.4515367126616795
0.5551184920025912
0.5759771897364107
0.4919758787950877
0.4750229608216639
0.5317158472689423
0.4382442305895237
0.6585882678186932
0.5120375129075643
0.6661629269308663
0.5946740352793027
0.48980879903055696
0.36684744799813795
0.5280916195946085
0.6334910812818664
0.615580146753484
0.3216338231504605
0.6243303461591965
0.5721820255119388
0.44371602067824667
0.41498537230636806
0.4626329093589143
0.5541206485389699
0.3724629089534082
0.43133135928473265
0.5077051910898797
0.6098666784607131
0.7047874215908363
0.5090472319327767
0.7821334625577376
0.3966741217580391
0.6124593854473201
0.6442750039592865
0.5703041021846147
0.6530800198396314
0.44154711619270404
0.39990931420283166
0.5245163268521826
0.3950468242129386
0.5127245176284189
0.5518919244518112
0.4595166078938334
0.4455407749932088
0.6760245945169078
0.600075531662819
0.4138811259018589
0.433561807895323
0.5395152380647219
0.5182014052206761
0.41282889811430823
0.6454925436830272
0.4543384340222909
0.5620130268636864
0.6195061709168408
0.6068689335162443
0.5956296313624263
0.5617216989982204
0.36337357667354625
0.5532050034230493
0.41246386760306086
0.5000588919897172
0.48304890343541124
0.5633123619143885
0.5344097883870826
0.45720008497004794
0.5324637468491118
0.5299363009912786
0.4503361607732137
0.32858189581463226
0.43146094379325534
0.43404826864344054
0.5595934673951497
0.5183653512304839
0.48107340005242516
0.45498586660011675
0.44813172653065836
0.27656819764135376
0.4197891975569455
0.39121536523933553
0.7003745541173761
0.4410645473552133
0.5299399797700293
0.5419316034762329
0.4148085145401034
0.47836941556821133
0.5810824553446204
0.36059011978571565
0.5401905635927071
0.5156080413604357
0.6207678453200081
0.3691845290989248
0.4442272911788857
0.42838243249326213
0.5275112445248722
0.5082854375070807
0.4360597456710663
0.7547087505914971
0.5174262919383419
0.3748101612891145
0.6396917935276069
0.6293551072976793
0.6791436656139964
0.33381487154281203
0.43146695934050733
0.3413012133306268
0.4860726955794405
0.6373646469808671
0.5012001501134624
0.506785686862837
0.4762808397625432
0.5662378999329599
0.6672278936710656
0.5265193056071326
0.6134722795135238
0.6077887605419368
0.44669168656170766
0.4370771235451323
0.6899804638493202
0.5139375167370512
0.7328312776932511
0.4868420619842192
0.4553434264499256
0.621729318097948
0.5268949998572331
0.3995580122334282
0.691343006268125
0.4399748906751497
0.4569015107179462
0.5580883744482987
0.5113087459736185
0.6052415351472529
0.28799895896742544
0.6148339132996444
0.5868409607246293
0.6431934625835405
0.6207981611548804
0.5345404309303756
0.3866830828045533
0.5745711494722624
0.39132681026833166
0.39992022237361413
0.44850323542850545
0.40377919835531545
0.6250669904891595
0.5010274963459008
0.308767992874425
0.498081900751355
0.5997221225624765
0.42799567872915645
0.4501162214423064
0.4994460309056565
0.48834727048433135
0.5974770398600575
0.4591744201097405
0.5468853768902434
0.5337146560495117
0.5684444371230467
0.5384219270111767
0.416128152435965
0.2831949148951143
0.533071585433531
0.4521022159472122
0.4853694507975913
0.45974573394180973
0.5641540042468676
0.6687196865131616
0.505580559343591
0.5452992786850128
0.5612060361485917
0.38349614457733117
0.5701728414573455
0.45759892532242435
0.4694441556981199
0.4017166086838597
0.44990048757606566
0.5125257384951026
0.4565579736763743
0.5383108233625996
0.650163130693369
0.3987324030364544
0.3640757301369263
0.5570360921192145
0.44067518424850205
0.48872403902255496
0.4968686048899308
0.5557811463747879
0.33843668624321405
0.7349901284059321
0.46985310285925636
0.49427266940926096
0.5644615743584062
0.4075250836759097
0.41753260275804066
0.4496556276211795
0.5976117717786772
0.5140959219248382
0.5045419221287893
0.5770410287294971
0.5421397738163997
0.4046236688770857
0.7592286481861685
0.39582217143604403
0.6382638927715256
0.4690595795826812
0.47975032173853926
0.5402018084849086
0.5212120019722127
0.4434093143332583
0.4325992702508787
0.6086749453243977
0.5734189063872055
0.4050341792466632
0.6452204922149485
0.3472690768023978
0.4488575983152001
0.40987203144907147
0.6183408985839157
0.5182951854184884
0.4048013445448831
0.4150512729210623
0.43980651464114584
0.44169259711648856
0.3747235153401457
0.3709162455951842
0.7795284521941583
0.6175462170765416
0.49101469804958425
0.5072025460041525
0.3695876328963632
0.5704235204288259
0.5372086934719151
0.6104972065780727
0.41196510385220414
0.4771731685035811
0.5017789434347254
0.49194393944716813
0.3889902195621203
0.34282742296861707
0.48144060389127546
0.43843849359375864
0.6104711485212742
0.5916635640214823
0.4265210022239649
0.4646624878506927
0.5390976060407748
0.6002481480325853
0.5848018161887446
0.41096336622558893
0.6617026451869779
0.42392604932694455
0.6950860140763166
0.5090437550075819
0.5999527531108344
0.563716930366174
0.44986288711256356
0.5885463487810317
0.5055161982616504
0.5406283078677959
0.5059169805726088
0.46912261710127573
0.4997245671839302
0.5863646631698174
0.5261190482705587
0.5382785256220448
0.5343889477884844
0.4806851030408112
0.27768101982533155
0.5782559059355581
0.6387558906374468
0.5745830089824865
0.6780587554800427
0.3429244617280094
0.601416618670934
0.5513803762430313
0.5382909913625152
0.2817275373226726
0.4927283727606308
0.6148771817454836
0.542331235234442
0.3770933753188157
0.5292936650669291
0.5948713184223701
0.37237458994447636
0.40086830654766337
0.4194805718530435
0.5877329668633136
0.5659508946400595
0.5116028731165605
0.5552786117636603
0.7081247362390061
0.42521757770528895
0.35731183407725786
0.492613706950151
0.4842206013510787
0.4822792396614255
0.9074521754565674
0.2956752716053216
0.5752000118896046
0.45428445104767673
0.6514588853410639
0.3530697154826228
0.54098471939665
0.532533203791383
0.43162008246639244
0.772152364502454
0.5309315894546547
0.4384162170544765
0.39090653648481066
0.5486178094535195
0.44472501317692636
0.5852651979076622
0.5741738660595554
0.44122080093061555
0.5409756994501953
0.5113326328472003
0.3176081679195084
0.35420925919807134
0.6507037136557581
0.47056028621160817
0.4459411694424605
0.5891361335951044
0.5970733941849826
0.48490563537206494
0.5174945154127766
0.5254309393948907
0.4065996002201844
0.33708971786590347
0.4513651494091827
0.44333778003159485
0.40933118095233045
0.5118202416016123
0.5584526133870203
0.46503999881384483
0.5340910846631961
0.699467841415812
0.40591697192807275
0.5978621828181379
0.5584347972655851
0.5805872566847647
0.48922725110438603
0.5468590209392836
0.5063205053131897
0.3512899354601543
0.47324680342012265
0.4140677692396705
0.6266513738563977
0.5051396341283839
0.5006225515108476
0.40173830037504243
0.4750740998931096
0.6158831317221155
0.684407312564685
0.35557032507802466
0.5609998202542876
0.4562118639064456
0.5950681584817473
0.5101154987636508
0.593516083418772
0.397005298930199
0.5294188681375434
0.5540144584654823
0.6311410315579198
0.47852633170582815
0.45346385620404367
0.5804585745890141
0.38781629395290296
0.4863634828788627
0.4354254194103146
0.6682444992741255
0.542332660390429
0.5150129396254807
0.3502232131728922
0.5967963459729746
0.6237735391532311
0.4444251438101047
0.4818704810615493
0.6376890362655145
0.5537776654714817
0.5269014192641661
0.618454348632107
0.6553416017993308
0.6043856820229988
0.6521333261565415
0.4862884477609723
0.3972098430875481
0.5684186885433572
0.56793490738786
0.4375460029676031
0.4504096317492603
0.47993243867446744
0.5489468914174636
0.47328649110128085
0.3770101650535933
0.5103081990530001
0.3645817484337698
0.29146161969268997
0.5221755373922708
0.4678772245294997
0.5230514455032431
0.5660427365612194
0.4350495476804987
0.41524975794206925
0.46814662669642076
0.48211523140845985
0.622012349112021
0.5601712686275075
0.5279476860528658
0.5810675436088839
0.4054670310910193
0.448746403840285
0.44774325702559115
0.6624773435999368
0.4870846310324269
0.3948172760205182
0.4450607525803142
0.6047727985580029
0.4115799450361724
0.4386931542319121
0.6091212737537076
0.5615201179062671
0.5355174817576625
0.508925912232481
0.5314840483727545
0.6248191835137785
0.6759157030434515
0.4336000775298417
0.3936673453778949
0.3252077606839449
0.4645555544726045
0.6535371806025471
0.5578418186678529
0.4511142891853664
0.6033378719194056
0.6005906486324406
0.5719061320608528
0.7046608870294009
0.6526024788030976
0.700022844396621
0.4834931155469329
0.5845355757812352
0.4341374393343455
0.3885339245115779
0.4522027744288679
0.4677684905355889
0.5675391482151334
0.6787979113022276
0.4614262166573519
0.4663856013719981
0.568750772937299
0.37729092987699475
0.4229562453633322
0.3410394192127535
0.6489427710333909
0.6756984671819721
0.48273483338884493
0.5068606611360519
0.5464995971235336
0.45711265208531376
0.3747405050744276
0.5948906853103485
0.5701099673243559
0.44383334215734854
0.5943538403746355
0.47132042524088597
0.6215323852508106
0.34127598334144255
0.5746180103714276
0.49224413154797464
0.4711695013316474
0.6498743050110206
0.5806124645965082
0.5058812531100952
0.48836370782227634
0.620273512931533
0.5920024699632201
0.5152719330044723
0.4126174010249747
0.39093112137551106
0.40100995404552126
0.4804703941716844
0.45589960716456346
0.36895297767217317
0.3981458217983861
0.43320843468900555
0.44606886457700573
0.5046384119861493
0.7319190191018116
0.40614234962530016
0.5695408871739088
0.5456610012497258
0.48258196471495296
0.6227653718722903
0.4595341521306946
0.38471753931971947
0.6642373465721378
0.5037576538598119
0.6627739893658561
0.5655804466565227
0.5327494516746314
0.5484562666273662
0.57123130734979
0.5374458026257946
0.49712206449567475
0.6379170516418905
0.6845381398474394
0.6032946710307744
0.4755227562893189
0.5582661371480796
0.5479031675980357
0.39687470599425384
0.5074183243840621
0.4319399897455331
0.6356991550934534
0.6560819020524625
0.3039494696171816
0.32535363158845004
0.5151915083582741
0.5551012689392641
0.6414712101118469
0.5528322212267069
0.49898549178934076
0.45282024611677685
0.5720355042603418
0.6251899671307122
0.43986683844538865
0.41600583406758374
0.7399071040817378
0.5229641820646473
0.5458902517222514
0.4761208929605217
0.451341812003761
0.615930899658982
0.5087998223653059
0.5352863512302993
0.44691044032697846
0.47474360337699933
0.42696208231098376
0.7597481086988316
0.4836260792671806
0.4428735567189176
0.6628895935808501
0.5319227098583574
0.6877403138060119
0.638051465647303
0.3288325727907926
0.2923365059720834
0.47894318073690084
0.49357139097824226
0.4817838065744338
0.25698380458897807
0.4371285948907464
0.6360387074051346
0.5494029761992479
0.673775417558922
0.5769993441547439
0.5546685340972162
0.39119156749364803
0.4229814210433236
0.72227529181503
0.30808464762645327
0.4501311494450328
0.45612734997660753
0.38476904990682265
0.4324535647462171
0.47113704763082787
0.6478586703483291
0.609860991670856
0.6454081253705711
0.3590877936526191
0.4273082490716207
0.34164291556889603
0.6413153396236003
0.35677509726332524
0.4141642255248128
0.48121342417498264
0.5730208579943725
0.4724647444357484
0.49123533277569364
0.5768677853801509
0.5454698539269512
0.4753184435871937
0.3517193665806162
0.5175192284802907
0.45703143242720834
0.45214235150594817
0.632320193189831
0.5368974801065828
0.44017159304244985
0.3202751754099092
0.6214105297858256
0.4417604493146214
0.4203297205992136
0.3708138103455593
0.6127889705343954
0.4533493544450753
0.43819879989375304
0.3923104047008242
0.3728543843211605
0.5578700074131089
0.5318855905773567
0.5220718264152799
0.46305924584535296
0.5653998151028415
0.5611192983900289
0.5363076770041989
0.5155750325480384
0.4736277311263942
0.5183442030925177
0.3996398253178665
0.47321872027412315
0.6717928533367461
0.5891542146213096
0.5307962033956307
0.5597040898569995
0.37087529682097725
0.5129086850321757
0.3969336563363947
0.59280405483773
0.5392909933103783
0.5538524360669523
0.4329119619452683
0.5964463491309371
0.4205745723807046
0.5513765573448703
0.5064481727275656
0.3505304067759013
0.44126584359464477
0.5720871374435019
0.5921656640097221
0.5829476790121861
0.39875478949703674
0.48870560932936286
0.4366434660489693
0.5982165424597852
0.48142437382286973
0.31616890003485887
0.6345394537678656
0.5879763654001713
0.3026190231281167
0.6497285076662191
0.5710330378052665
0.3787386281886887
0.5081172107111576
0.47297419190089796
0.41021436211584733
0.4435008083917794
0.42561450403453777
0.5985295245939142
0.4724004324543782
0.43852555956747735
0.6355246259371801
0.5115926945643665
0.47660419241128366
0.611294516505342
0.5399546786966591
0.549230364071209
0.41019476453515874
0.4610736686046647
0.4209850695443474
0.5468124284283741
0.4708401548615803
0.5119001106284023
0.4082998979731407
0.6244273040218445
0.5178951373755091
0.35660153401701394
0.651472599968694
0.571003891690113
0.4388669414763015
0.48419174733876613
0.5682247644741077
0.5243082197552036
0.5282828168726686
0.6640701969957936
0.28279993299320005
0.44890808477421634
0.38256369348519575
0.5204958971888952
0.4528717530090679
0.47642338656615485
0.6037787120285697
0.43954567654873655
0.38750089678372385
0.33586579820890683
0.5033508688667782
0.43578831245735683
0.579914186178207
0.4747246048044385
0.5147499038822868
0.3175832320238282
0.48027571132202745
0.59352848480855
0.5522865454185687
0.6995000189253696
0.4460136874297625
0.5586151840085973
0.4262547164261622
0.4686366086967544
0.5899281256926738
0.5993406097454641
0.45345562359074426
0.5877801661389896
0.5479096234715284
0.4605260626113865
0.5787020233637723
0.5179542092674455
0.41885588053615536
0.6688633534342694
0.6156093566471423
0.33982478850904296
0.6320487104192252
0.5244035887491445
0.7350595222112624
0.4898363435502759
0.4193981581456943
0.6087793711192682
0.49492697471618974
0.3943864011740697
0.4154876737842794
0.5269920065899251
0.396242287495651
0.5826276040184315
0.5594098974130943
0.4593291934180366
0.34152367555970875
0.46451466972164823
0.644949298847546
0.39071843097260106
0.4175131889171423
0.6619754570597859
0.5324943078097495
0.2874722034121452
0.38852139378154205
0.5266366415137431
0.34113811093111157
0.3140051327097366
0.6097251034505095
0.5113940134075611
0.45280485748305493
0.5030837413645588
0.3825969472238036
0.3850354635277856
0.44165967915587884
0.37760332311078754
0.49961717421880286
0.41454168872899577
0.5829446270921759
0.5598199426358383
0.7716321595698825
0.6225215287527102
0.4421384599950497
0.7249394610444071
0.3418863220072432
0.5230600345843192
0.5223901897984304
0.45418582953146247
0.5142100896022902
0.6823354304193896
0.6218811826617072
0.4410443573954762
0.5079719519691458
0.5157475253195043
0.4858491931086599
0.5896855985568772
0.5658935966546191
0.48685696594613775
0.5453466174873856
0.5161344059213502
0.5020024102035241
0.5060789700622152
0.5461817317298313
0.3406647291084554
0.3897837988757433
0.6376805169289059
0.6569587814478473
0.5330170093944252
0.37134845354703605
0.4874423909180603
0.47810256598421286
0.5111915322407571
0.4771176184308974
0.5700092021850737
0.5345790618812792
0.4731725374099725
0.4848368832922577
0.6007394724401451
0.48475858914240894
0.4871849361383804
0.34836542168400064
0.5114202967707545
0.49060019279638933
0.5296910047741864
0.36399384033893645
0.5800970423051682
0.5679076099894954
0.3926879900141089
0.6238063938996928
0.598342469867875
0.5652613604472649
0.4180304343861062
0.5214629689484944
0.6103744265682217
0.5256841910489131
0.4396047171306948
0.5633995985875319
0.42547917523279577
0.4298547202255707
0.5701103000711957
0.5326024533436179
0.606066507288135
0.48703283210836157
0.43986499904108245
0.5552289613039298
0.4858702068268927
0.4236448581464038
0.38330586183291726
0.6129558021717695
0.5124906573749028
0.4749518977233961
0.20709075194266907
0.2771735671585107
0.43581971205283315
0.5957598734023334
0.39972134142362387
0.422625171572055
0.4543832611434954
0.40023909811897745
0.534868712249103
0.3542892546857157
0.522940504244512
0.47971301730719307
0.48355486999175834
0.43022220057351734
0.5423457647076267
0.47309537441604993
0.5329142038752923
0.5697890429003475
0.5482510918826351
0.38295191668675443
0.5297408437906967
0.46236447968329325
0.5400861254901848
0.4689516729429142
0.4802641161794506
0.5672034092756002
0.7237675534104696
0.4411792101176346
0.5560347324284336
0.5311418848183069
0.43903583909961263
0.2942953325030128
0.6016447745857766
0.48048784581917625
0.48980821470075564
0.42985775807999593
0.3598902115159852
0.5499167015319334
0.5847390410214189
0.5844974535456313
0.37088385443144095
0.5932043028575008
0.41175922874681653
0.5373582808378713
0.5037748061894276
0.6064406793689219
0.5677285807773824
0.6938125670148493
0.4905133632260263
0.6514563032538138
0.474770454721973
0.5259163032074796
0.4505428647764562
0.6313702075191652
0.5819943825488256
0.5196450046720404
0.43209276157551163
0.6096228207654403
0.46832713386684105
0.5910759363322896
0.47154592305481163
0.3915379681335929
0.360862890073933
0.6348642551427739
0.4316738891491524
0.4051679650621933
0.41255171190090023
0.5946032904921856
0.3962657474795432
0.502085878416637
0.6209223559246044
0.29253808508254225
0.5387199536350146
0.6463575554302426
0.5875312853465282
0.48388445260306834
0.5390445544851772
0.5403702520836854
0.6893548955233871
0.5569192156570221
0.6472766972160069
0.4820874859015702
0.34523614815469694
0.48792138335886615
0.5372688282123381
0.4469003472254641
0.4108890419245391
0.38137239036201714
0.5568567834693937
0.3259605896575371
0.46943186412553395
0.48259619055460606
0.5200283711141032
0.4221980060980861
0.4467208248585355
0.5364660720539943
0.4472384214931395
0.5858778339948443
0.3470311159617536
0.3040573248507971
0.5981786629887429
0.661760100105306
0.553033526500417
0.6850193536086883
0.4941931243015659
0.43901711152382783
0.6273189022454717
0.5957807470342921
0.5007522126755973
0.40139355366456553
0.5454245369906944
0.5691773633734312
0.4782247716933125
0.5633222914147173
0.4952437833153813
0.5765205015229563
0.34362678362909715
0.311844077315209
0.4943223537618421
0.6048636410617441
0.6212760751567995
0.39424931820513937
0.26238777173222155
0.4484729340183374
0.44347484184181113
0.575977133585889
0.5211979518890012
0.4304220820773306
0.6126416462247667
0.37106028619520903
0.38889784092112656
0.6565733259611544
0.4946528404977637
0.352028782410562
0.6161177484783504
0.36470745712973796
0.45706121180795367
0.5094065715167765
0.39640000609168446
0.4737972330247759
0.5105272787854721
0.3595003820235138
0.4544893720981126
0.628992228407338
0.5966077389213097
0.7005707473037802
0.5324011210133571
0.6836610948170454
0.5479945890120073
0.6837009589284488
0.5850527776645876
0.4014591678877727
0.5321560829993706
0.465717070639843
0.3740899946395591
0.4162387833648572
0.4159654831130047
0.46295066577815636
0.4596282829494105
0.5326483459508259
0.4404066906932955
0.5791738914150991
0.38382479688164417
0.4821014707666032
0.3510439368192625
0.6177244374724934
0.8243969463307401
0.5760439623015544
0.47580885936244594
0.5636738043342764
0.3757943238747802
0.4107166664911858
0.5500407992355508
0.3758929393763707
0.6371191416581806
0.5101972478501757
0.5913808465022433
0.5067340301177229
0.4459684656130178
0.5315518248490153
0.27161494651719065
0.5795876352293962
0.4465841258056964
0.4488129919274528
0.5265947000914405
0.3797433369117176
0.7202110766276061
0.5332231639001432
0.5324905266907087
0.5894757737993157
0.4116667815087289
0.36639866453154113
0.4364346645339615
0.42135917324260996
0.3872699778320775
0.5646207995958993
0.5717303804528034
0.5250702362176831
0.4788318407465883
0.27358055236567214
0.47517705838437435
0.4315704974712177
0.39326327722072413
0.5241682949734876
0.5141051810661073
0.53731817947815
0.539311173837749
0.4069412686632158
0.6473064169760889
0.4993909184387375
0.4365599218533347
0.5467309362662431
0.6128462187773127
0.38942888003193593
0.6280484651960149
0.7263444439002882
0.48144232808060466
0.22078571269624164
0.4437570716586326
0.6594138380044311
0.5597333860831203
0.2863792236211966
0.4977735460233143
0.5421246959464575
0.40049992088633535
0.5297741465374525
0.6049443227051376
0.5338148234068759
0.517901585245298
0.41835631346002256
0.37653833154711414
0.46234995717581273
0.49227846996915037
0.4446951631901342
0.29262936690072716
0.4503624290800036
0.46167982991373063
0.4996206205579974
0.3277935789068698
0.4396829534151888
0.3734833202690445
0.4788433892746756
0.5637854471044297
0.6480563479264788
0.2832081376954606
0.4901374509237699
0.46920408952997333
0.671944185011644
0.5264900105063397
0.534353005829352
0.43761099754773963
0.5774464287576209
0.5764080431363325
0.6173515756397586
0.46972673427017697
0.5757827381200451
0.4664834817002069
0.43046087417252266
0.6826875629437403
0.4185575022662739
0.45902483694334806
0.6653348321518764
0.5917701544495974
0.6106695250940724
0.4111952520922227
0.43697163095780606
0.3645791994986812
0.4971371141069244
0.3654324704085887
0.5052418375907902
0.5402865084084114
0.4624271018776358
0.473510618991884
0.42986437774468933
0.4237435017425897
0.538801003176425
0.5971910532538593
0.5359172123198355
0.44116187810715835
0.45416591461345823
0.5568076395921969
0.3574054162504285
0.45257313623835177
0.29249823826129207
0.4417733718138587
0.48640765192335045
0.5943680542579306
0.6248707570243415
0.4724913602133075
0.5410540719649042
0.6338879765942735
0.5168259682440449
0.5257365831575712
0.45443981275651063
0.6233027090774436
0.5752331350227643
0.6266539778224778
0.5485235540154985
0.4359048778297949
0.5947653420394801
0.520377209626874
0.6027645577319591
0.4407267806721431
0.45258269169891985
0.4111570732719729
0.4269604466383498
0.4639944423752473
0.47847365407872755
0.5926240113894328
0.43376594216647124
0.5944677474493503
0.3800505104417241
0.32831253224013535
0.4403943584884003
0.34380944461923973
0.4668255009184469
0.4409617052234561
0.45511396820570704
0.6219767477604479
0.4098832309869104
0.5683805734213593
0.35158330751340894
0.4638502277340006
0.43519243357887577
0.6084339319683939
0.48450916167992303
0.5124839386609725
0.524448844046507
0.600245498511394
0.5319508582354006
0.28322798701090324
0.618551216135097
0.4921392750104796
0.15886257844135776
0.39149327016423663
0.513857552102441
0.4809697714596638
0.6156024997150755
0.49079102033320365
0.5007574136359232
0.678703343187907
0.4454291343235746
0.48504410277488974
0.4658151110567236
0.4474398609008758
0.5727865262772115
0.7018642566333686
0.40152040637265507
0.6002310313348864
0.5669183851891786
0.5057178857741393
0.4222936314346505
0.513427010198518
0.629593935630938
0.37589975230405426
0.38046344799304865
0.45410289992117997
0.45271017269247477
0.47409562270029515
0.5204049033582269
0.40465021115782673
0.5113139560302538
0.3752950529368052
0.4342904408889394
0.5964753479747104
0.5734108668947357
0.3940059713543767
0.594869990685194
0.5222512769836255
0.5676473234621104
0.5221318677827986
0.5402908072219696
0.46598870449102436
0.5267722613550686
0.5159262717567121
0.446022836089977
0.49558263075386133
0.47546790376729997
0.6541827275576562
0.4048946499727046
0.44390766529242354
0.5358862712119449
0.47593224612116247
0.473519106972949
0.5017205706512474
0.5734463968196739
0.4501342930389187
0.5310719851453772
0.5745142245718503
0.5279482193221654
0.5892186220937925
0.5499218661245657
0.48417064618009265
0.48253244700618747
0.4359681527417068
0.48454765517199877
0.533217506194595
0.5368016028313916
0.5483312145853507
0.42954114259073006
0.4850205638122844
0.2819611370848616
0.48941536039429684
0.41329103338084294
0.5428634141164864
0.5909973471887054
0.5733907128711618
0.4965131296698531
0.5142645018991097
0.5033607207775554
0.4729131353388888
0.29442530206370876
0.5432684121357366
0.5186328237407116
0.41709647302513764
0.5106549855137626
0.3665209381423361
0.5501580162733465
0.5961084312748745
0.3418900092429563
0.6589441463307462
0.35962263100227343
0.5498878017399689
0.5414051948586209
0.5404686290907658
0.5721273574968319
0.4264526587228955
0.34852555997908957
0.5248393934509056
0.4379327115540825
0.4445690204333182
0.5598215417101943
0.6220935598216195
0.26121930273676863
0.4903423200397177
0.5883104823739749
0.3909272631068943
0.6300422295410701
0.37294749248413844
0.5659594513580095
0.5637959526861605
0.6646718734878376
0.5347990422203108
0.5730590750264166
0.4848958464489937
0.3485041368384756
0.386039543915353
0.7653785325546848
0.4928406005445866
0.45534354386138054
0.36898614245419403
0.5752885227575452
0.6624345740916986
0.37995301509742074
0.5571698336041747
0.3710486664541201
0.4950080901426342
0.4442709254069356
0.5725129997680043
0.4472211227606753
0.3392425860051842
0.32033673421972275
0.46232602666261496
0.5256568237266673
0.5019220625536235
0.4743255495649427
0.5764065082683836
0.41110641004031806
0.57822819868663
0.40763782074680216
0.3506096450710461
0.5210167412539155
0.6490836185126057
0.5508179962975777
0.557843402235203
0.34601102027054037
0.5091185390635179
0.34250771987656436
0.5182584710649878
0.44045597767832817
0.5827083295978187
0.4514495097127592
0.3953467828197193
0.4998199559278737
0.3845595505065309
0.6358226627437404
0.6335206962252896
0.5224144389960526
0.365296233851905
0.4605127124318099
0.4534352882096497
0.6251375116360323
0.5288809585846004
0.5402190725150351
0.3013851720443399
0.49850908793002674
0.4884394546925083
0.3420409157044595
0.5889966568150309
0.5023704088383896
0.4610674285731424
0.5327358014455861
0.3648543149017202
0.4558864075717594
0.4563102095012976
0.5627813578769376
0.4860974068150339
0.5021600437634605
0.5057863916527724
0.5009750569989342
0.6411831621728756
0.6052817185134858
0.4707237564201249
0.5050902710045904
0.41953961287412683
0.6088454912101109
0.5163342020241779
0.5319549509278471
0.5396514248901199
0.39239189772806843
0.43896971623858105
0.3920897824552983
0.497863057382217
0.4900294166442186
0.5051475260171777
0.422418533724934
0.3680822224178335
0.6184615526377786
0.38212746459220615
0.4283992770809029
0.45887659352703986
0.4404206769785883
0.48985633808130735
0.41850290750992025
0.5463714692250842
0.44577975176761275
0.5672820234789494
0.5606034353382843
0.31428884222019693
0.5439502115154788
0.5594307428251338
0.5138866086728385
0.5573987887236557
0.6130017481321078
0.5353899230900838
0.5857727179241687
0.552230234405074
0.5257862414314356
0.3898583315884774
0.4820076250703018
0.454530847345244
0.5716485838271337
0.5137885190126408
0.5107428006888212
0.3467842194615922
0.4525761844015238
0.5990172970102703
0.5630748764022858
0.4639172916791852
0.3495565511598527
0.42947143981549163
0.4304221090122468
0.5400602636043415
0.260042077699998
0.5111335485052627
0.44211988878374836
0.4342985229437865
0.4366036732089111
0.6123004540115948
0.4950275847235875
0.5151635539272285
0.5618334814204343
0.31315693946872186
0.45830116144320304
0.37352741634293685
0.4390662357565548
0.5989782158062811
0.43213459734845433
0.5004990357459661
0.45915497407668143
0.4570669998678269
0.4359222561794863
0.5920031923745273
0.38592090682719943
0.2540873525960917
0.45364715033702385
0.42126256770610293
0.40361554838708097
0.4191959030481157
0.42053274005898267
0.5094360553744787
0.5338709771344811
0.5884051298066766
0.42807398755210624
0.5998233966152202
0.47509615384206305
0.5791588415365251
0.38003187991949794
0.5130814877121878
0.6558139412277261
0.5852429430113918
0.40023655809851016
0.49508050931843856
0.5079318279469998
0.5997169755934579
0.3723000674550014
0.6506457056910344
0.47888136027979555
0.49668177997784724
0.4947766229480466
0.3957928493250313
0.597859151123242
0.5009317470324057
0.5636751323473301
0.5553302519817872
0.4761032258628836
0.5189284112755862
0.3622476412586084
0.5669366909743341
0.528752362246199
0.518340645439736
0.43078858429110856
0.4524201535974462
0.5464170612418956
0.5833356833658283
0.4683574973318512
0.41683985016380687
0.5509980904368341
0.31227407809110175
0.5950161447539034
0.41821059825157225
0.564166497409839
0.32551407392674914
0.4155776916689293
0.4885855409936172
0.5713850941228859
0.4694169594273718
0.49523563878113946
0.5396238244846241
0.6507607570100308
0.5266228548299601
0.6164499933465424
0.5860787584835291
0.530395801752381
0.6560601157262382
0.44527220901847286
0.4467657125843083
0.3688205469787061
0.4769877175343018
0.34930358253084726
0.6799328474089504
0.6684732467376612
0.6045232803458509
0.48505756814744866
0.43092673800639464
0.5030441519682702
0.5767108470667479
0.5079172999697676
0.557672284764656
0.4739938215362172
0.5158455945598327
0.45625011818804556
0.4213459947553741
0.6466064547282845
0.45510185242582474
0.4538806600465265
0.3001324259560064
0.46615438453025604
0.3521495218009853
0.41137598111778406
0.49281906659665725
0.5777792892057437
0.3037696607907657
0.3828798964186856
0.4403257111139426
0.4645224824168419
0.3727449950797991
0.6109327791889003
0.3826624344539201
0.40989877931990865
0.5275593374633066
0.4568451939983495
0.599340886435245
0.5213617568844675
0.6142254282718541
0.5802372475883018
0.5775826078157175
0.27377678176238257
0.552225940462491
0.542323679154948
0.42364643937311053
0.6110779090483929
0.5571064662097276
0.5910505443929528
0.5684437487834356
0.303857789516201
0.30814886228795896
0.6097108372053707
0.5840826249769476
0.5143420757353314
0.6155232361779811
0.2961725297188338
0.4041282764545969
0.46471288382641346
0.47755455949262765
0.5963918959335348
0.5504665717310611
0.6241179710473455
0.513133538285051
0.730031962750981
0.495145907456627
0.6440386876123212
0.643216257549698
0.5694828783159738
0.40489967082035877
0.4259492558971094
0.3709936078663234
0.3215141265689785
0.5389847244466087
0.5207893003866056
0.4011745151054876
0.5755779436773173
0.4508896111905615
0.5472080620761838
0.5583569571606288
0.48088101821324253
0.5097598398721993
0.565432991078735
0.4263705524015341
0.6925559818668301
0.5308900196275939
0.4361535841973975
0.5794889705114441
0.5644805905729634
0.5263392631202526
0.6096783901222035
0.47655906104595547
0.4521193900565774
0.535111080805456
0.5601203332321153
0.5289794610802417
0.5205033428791489
0.5648749306427336
0.8197718965371592
0.4307025339856826
0.4151052682877214
0.3702743268026818
0.5775133729477808
0.5352171939323943
0.5632247827122009
0.5289992571895982
0.6119833389635899
0.5389400932289923
0.49937909508145
0.6213364483114943
0.3882099313861421
0.44380499148415725
0.49795004650785374
0.6429315373320588
0.47260870678369116
0.42363483248891787
0.38461702939453557
0.61151286544793
0.46278790873381137
0.8536504597142953
0.2240404610598551
0.4767307145138015
0.483605828940938
0.4613204185288746
0.6965022660034135
0.6344866666239102
0.49832330787648077
0.5658644241104032
0.5504742332214329
0.42516294076274835
0.28065462191091817
0.6836166310295949
0.42385833419144286
0.46886546201911733
0.45322913200428966
0.5720166377454553
0.6334605110312987
0.5452434344523415
0.4945302260757907
0.6219243692086395
0.26471944978099526
0.5121785519867331
0.5517070101675798
0.5472211727646703
0.563755755823055
0.6348835477607494
0.468906718618908
0.614932090637049
0.5508592837107795
0.6529135715392417
0.3688772624556048
0.5323262673473016
0.6361958817279137
0.3717763078520707
0.5095072516320506
0.4716108825909861
0.5164821382436414
0.3099601870601635
0.5383354330953818
0.5531142664061469
0.3676959684688329
0.637405587657834
0.5102897113045872
0.5095029470361104
0.3048256830135787
0.3987629355174799
0.5154153690748046
0.44348010030389695
0.5444910801175582
0.6423972106995408
0.5786794634125603
0.6104641171875737
0.2097996023466709
0.6770044826540207
0.33980908161225765
0.5696149918059218
0.47948918914246125
0.5203571684713773
0.48702665756374813
0.22106084755184124
0.44372322175731993
0.40209330256455694
0.5624895446345437
0.5737058242089208
0.6358688152258418
0.49414123968457896
0.45592273767098823
0.389246688991778
0.32369151572293664
0.5100201502047714
0.3859874493064095
0.5777833982416032
0.40376950083585106
0.4486583830496374
0.438487576830757
0.42407980732492867
0.5545709796038392
0.45930305633267204
0.5356052469761621
0.498872343388881
0.5703367509713272
0.5884751105132436
0.6518085825797164
0.5648286257425367
0.5703053928320004
0.43117106282928575
0.510467237797611
0.4489257121734499
0.45343165374965205
0.4645657053397799
0.3791805575636365
0.48521345417078976
0.587326051031172
0.5536139203033161
0.5446878218613793
0.57083923381624
0.7616396029274706
0.4518381915727454
0.5147338897901916
0.44101024813978434
0.329737758586107
0.5703250309613703
0.5692339379403539
0.5704195020614273
0.542026167505318
0.5221851013662752
0.4269406862561407
0.5696893729426756
0.4101837965059844
0.6103742622366533
0.45648340731899967
0.40975409209391406
0.34790556309777954
0.692044120241417
0.4210310007456901
0.46704102994949975
0.412389551537248
0.5598711880815068
0.42597633081350633
0.41462322277074654
0.5783454156238537
0.5774551147759762
0.6702509748372856
0.4513485426644389
0.4746822024176363
0.6859186251458517
0.33697525700123165
0.6241508213530076
0.3859919917316208
0.5332325742860521
0.6211144349014395
0.5900417185598421
0.5442084760962519
0.5101500738612683
0.4794105800949689
0.4750944509701278
0.42470659312503456
0.4009708400687232
0.4636661820003751
0.3815045377469815
0.5223500007462518
0.5497462111626703
0.4677859846582678
0.41663854539960493
0.49387751124998924
0.49698365103523723
0.3656588550934861
0.35353102652168
0.47396620705740855
0.4136625073594347
0.4840318884379397
0.4559911077885621
0.5731506579400623
0.7095797696589078
0.4919841270282566
0.5977507338089126
0.5210212375764126
0.43476817150569713
0.6195131190616666
0.5674119142757449
0.40303815160247425
0.5422463107064608
0.544782664005965
0.43893323190196787
0.595716694052207
0.46232793344491047
0.4263790215730115
0.4086375898851702
0.4743022012977329
0.4250639827988097
0.5141768829837934
0.5385631021779366
0.5869689619971117
0.4394003209732503
0.4400601934120145
0.40698836969667407
0.3657379725067737
0.4690649866572296
0.48135121471595865
0.6422848537304431
0.516939596905235
0.4680733175190864
0.4739426521556767
0.44236910200591156
0.22311219276274885
0.5446372480357655
0.5268047186450711
0.38675381450622315
0.5036552328256438
0.6303305992625654
0.5398421835021149
0.5853842912909379
0.3827963885596293
0.610963942686957
0.4792604176104275
0.5513702982008875
0.3871698172246074
0.661495272034675
0.34563354406201185
0.5244588739533084
0.39050524679010734
0.5159349266580527
0.537522816096754
0.2224813865211555
0.5770565553661807
0.49855514812573365
0.5726404717858766
0.4169393797086714
0.4209053957428119
0.4723802887810973
0.5920105871155508
0.5159658786663766
0.5214047324594734
0.4895663205520648
0.4151346075673855
0.3611178623693715
0.47573444001852155
0.45498748535270434
0.5981099543531051
0.4896640003065339
0.4801289588646815
0.45932921343112315
0.4134821134608089
0.5365953739114162
0.5732510850280224
0.48406681046546945
0.5345162388353605
0.53776274367673
0.4940500406997129
0.7424835427227977
0.38005888241799124
0.26329940931048734
0.52032526129154
0.5444788320621092
0.5135781116869766
0.22052965462995866
0.5243310132811615
0.48514092310504275
0.5762838230564897
0.5978175862356875
0.3682548627659742
0.4429653366808301
0.6297399266407273
0.47215096528192135
0.34901835238090484
0.33964296391094345
0.41537668051769716
0.4862259388846794
0.47573386222962505
0.5206272993012292
0.5174447098967234
0.4223559226054247
0.5562873836103945
0.41336088546887084
0.5594163687075194
0.5825585974360364
0.5450575579905326
0.5049426790235166
0.4604148968650042
0.49063146998913365
0.642065619702841
0.39180549180297836
0.5185169019800169
0.4527036327191068
0.3650927784631348
0.4744112364562726
0.5950897508845132
0.574740750117208
0.49908748361896965
0.5208544856265972
0.4476566108438276
0.6802567269463654
0.5407218922588907
0.3448813040698001
0.46020313571214494
0.5282562540689941
0.542414588162214
0.5016703574342826
0.5673603302022056
0.6187136616007674
0.5996949690930928
0.4762736239963172
0.6327166156355513
0.5863731268790988
0.44278849923378444
0.43877450912087584
0.6904287773820997
0.45209960808794736
0.6562983645895467
0.5812976006347537
0.41067169255302943
0.506906327545455
0.5409385726527863
0.6217181357397097
0.49723493614204023
0.6214187400843084
0.3849810842641768
0.5824732838634625
0.6299754823742523
0.512319138116139
0.6682814712224844
0.491281834217175
0.41179538216313194
0.4412775149780922
0.4115408073478456
0.6369740584809819
0.5488755126128722
0.6350731538843797
0.5625503761071985
0.3814941427842321
0.43822113448836697
0.3418184920433882
0.3305169052319554
0.5543169827282788
0.39069225091205784
0.5836369207449564
0.4593078329708335
0.5875479763708453
0.47270388930158835
0.5499240201712206
0.4259642900657259
0.5262528925063492
0.4094973350026371
0.4199944839478045
0.49758693656158426
0.5570919681891852
0.5544052720301816
0.5164700670447864
0.4545496567081025
0.5335491484045741
0.4774999435080094
0.5432298118228106
0.44149651627917724
0.6240661050232664
0.5061623955601634
0.4108096534263028
0.35702240957197706
0.41647222491083286
0.5031413537379511
0.39053162512972234
0.5849885148198684
0.6582569904966544
0.46623217764794345
0.6228489009703476
0.45240669393256944
0.43963788035449697
0.4959606169934529
0.46609527978341386
0.3947249678349109
0.6425982842733744
0.3826136752510222
0.4928950804827339
0.4909568190787064
0.24633840380202227
0.5669051036096462
0.5298455952378432
0.44370381389608954
0.582459534114208
0.4748699592629716
0.5056971230244534
0.5479039086531093
0.5875642192041336
0.31728646526346826
0.4948305060598001
0.6216319267979932
0.42909446566020276
0.6485263466693555
0.4059730034165265
0.5670356068089443
0.28220787952746973
0.45867612270066493
0.5677325687721951
0.6502018088138019
0.5180204787509292
0.513696269470289
0.4720906684189856
0.48857480715396406
0.524031964305579
0.5312964078299783
0.6488473146138984
0.5305786319179072
0.4653479485825982
0.495329397826844
0.5661039887132149
0.6176103556868456
0.35613746337989205
0.5801637945870096
0.379718690554752
0.4541177654061963
0.5707777953197315
0.4983050817162395
0.28565302036348594
0.5033520956784655
0.30700028431312254
0.5282208033633292
0.3476438374958466
0.4307752271336333
0.4125242805309198
0.35677672850193665
0.5157804242601367
0.48634370117639075
0.669052429238073
0.737261159673214
0.5087246293446611
0.4050422976264742
0.5477217792817649
0.5211174355149348
0.4545036047760955
0.4470493429366082
0.5204999805810934
0.45404642978618626
0.6331571775606142
0.49486925241342955
0.43374012857675515
0.31272853534385303
0.26444675806205464
0.4061904685522084
0.5219941353881611
0.6051351430479859
0.46216146621024057
0.32720712726570894
0.41498698005520746
0.6070712438543149
0.4777370608739265
0.5641321797149422
0.5732199838261348
0.4609681351877206
0.46860702034689555
0.59709584754881
0.5746676195956554
0.4989075331971355
0.5424967550206339
0.512449652672426
0.4133404528971978
0.569151196686481
0.630548071650014
0.3725047644568993
0.5710892077552192
0.59527958512823
0.38782372451809116
0.5673461949787697
0.48645804141223425
0.4536329067441266
0.436382819357056
0.4260308740410246
0.37945006718056123
0.5172439909909934
0.5484221169446866
0.4801988310317694
0.5538996416935316
0.2734239323639509
0.5201825445419869
0.4769658158355005
0.6067636943672086
0.6065385767525318
0.48648820041762086
0.6588055550979731
0.5973078238707932
0.49274538259229944
0.4999840484738361
0.4733270309341982
0.3978228960632294
0.5012672000867382
0.5557608660191925
0.39609643195248906
0.36540665892153923
0.4170566894304728
0.5047703560203955
0.842027031139154
0.7327512890280605
0.40149880980215985
0.4157073415444473
0.3340778321924164
0.33675234058382664
0.5711728062173711
0.4636635089159205
0.562374577566964
0.4995513615792835
0.3982214039662831
0.5425764923146026
0.45888332590631653
0.41712899149876914
0.43491232245706657
0.4558734367799266
0.565892949679996
0.4399727989251434
0.41576435524447275
0.4813431999402906
0.6627029920032987
0.4517210099890404
0.36316851764593094
0.5105842551674283
0.47334268351221287
0.5509865144790813
0.5707336275273959
0.5722124464919676
0.5508784794392536
0.3384526089123191
0.5184256996602108
0.4202456041235804
0.6954439628122076
0.4691277936657062
0.5645479022249498
0.5322818089494199
0.4801889129755814
0.5482905183610167
0.37426320576226013
0.5485310071243622
0.5669594729417698
0.4729247213424403
0.4990100265150822
0.6214315279404892
0.5011116729936269
0.4295076226371372
0.5540991552211385
0.41057942244843193
0.4875471104178187
0.374609409151023
0.5381644407660129
