0.3380589313452973
0.46754948203629854
0.40919197174152144
0.8575650762661841
0.8639673685507812
0.5234909720905988
0.09449306058871665
0.2493035980168138
0.97301097767303
0.005171792789970042
0.3962409818523204
0.9470332241195564
0.5307291428201613
0.515740206483697
0.15449785497455182
0.027101313214430545
0.01829891945974449
0.4276100964712499
0.7887734386673557
0.5186342240696034
0.43403197780274305
0.4906886165922584
0.1124569647663809
0.15187065005427047
0.7581816198102374
0.9180480272244498
0.6685370832433203
0.9807744687663236
0.5121457841116638
0.878615488949216
0.4485828636722734
0.34722897318461643
0.15449375744612315
0.3925685967099942
0.20136456953598936
0.10779923118049894
0.35973444549279543
0.4597986326875435
0.527554136409994
0.9960282190002112
0.9077871126104878
0.6890380739051148
0.5178814730453113
0.2120877818387662
0.754128505430946
0.05803647492368447
0.6331752227316365
0.2681319359107832
0.37048629531837574
0.19672534937054498
0.2279900164270966
0.3530483928173499
0.6358829169374454
0.07591822133172177
0.9805049692027836
0.9850215726786705
0.0070737145928619904
0.8855088269525649
0.14785597085009816
0.14864967914905924
0.5295111663455309
0.2798926909015024
0.6783845284941195
0.4657825766351408
0.035807838862742414
0.3858682225471812
0.1055985606127069
0.9196700156424352
0.721102084621596
0.1917106017320528
0.6062239545688471
0.28445677713436157
0.4222169574152628
0.0995834802898159
0.7887682332908049
0.5932956580132726
0.014331645796047399
0.14048191417872646
0.03559155240546574
0.614058209934529
0.6864700876404932
0.09131226155247274
0.25369691432697195
0.6979653466885007
0.8877634849013123
0.5776483842511042
0.5779133063966567
0.5483312445710388
0.5967058386078748
0.9540418035271105
0.7566140750937909
0.29298303342064014
0.3047504923833195
0.8542151199079476
0.40994806683126594
0.3058056577612981
0.4438344191806888
0.17060619721608705
0.6534589607059333
0.3239373364753615
0.8866675852785535
0.11150348004734245
0.9986217484676704
0.9606725014753317
0.7444039642202595
0.36288646470393393
0.7806314013375713
0.5794503246415438
0.5297180667963555
0.6348851551816935
0.3193396770584457
0.10836719062569933
0.5006642154663465
0.19964287902035216
0.8422039009237573
0.17122653743621974
0.4844041894168245
0.16680281415089593
0.49878515924173383
0.03796282332360612
0.981662077350125
0.850694236533239
0.39110449352449805
0.7560127627686751
0.8677535976103093
0.48167396196862344
0.028778405226486004
0.3584293488498397
0.8993908456095377
0.3492589505456335
0.9709931771577349
0.7856128908858391
0.7446153217448861
0.23863809493153654
0.9161538388158921
0.2486657208027081
0.4805924871905146
0.248004209682693
0.8677280681919587
0.626939588139681
0.7871197485735091
0.6636253528294717
0.051237688223704
0.7539344253785814
0.5557262243612476
0.041207145217279195
0.9294053889422105
0.16231822544996688
0.5622491365408145
0.015673846795194124
0.4781237780224059
0.6917633693271791
0.5585300642935411
0.6057628067303629
0.9345297838544958
0.11969342325395516
0.599075468404071
0.6707311794606717
0.6320856605150634
0.9710042565470688
0.05365713748892065
0.32718235215095637
0.6187870245767009
0.5086277083529729
0.8731489010352724
0.19705145749246522
0.7961721515385574
0.9912877114552896
0.4922092444941869
0.5375167964532885
0.6139672427953314
0.351517123023968
0.06138484228530883
0.8467921849719914
0.38205039470335944
0.7446136658078278
0.22825363558109923
0.2516959834737944
0.23583148679421495
0.12324195177595465
0.1644767761129593
0.6669154721340889
0.5945654510348493
0.5639250143787379
0.5351710105723297
0.16295529925708596
0.010469415836595664
0.08374820386543591
0.5536142767083724
0.2565005423921357
0.26224873564600215
0.755679117653701
0.34471908383862104
0.737527561229757
0.7567677267575256
0.3496178494896457
0.8076416478048859
0.5247819062519982
0.9346668522620747
0.8400346313952742
0.48464901872261335
0.6606723106618202
0.63159416181907
0.44819713303832454
0.16702277254772002
0.061740338400892214
0.21301934673340817
0.8876612001520666
0.011474063221663111
0.09854230308204559
0.8695948948767926
0.7439140130567121
0.47788042365010097
0.8330246742608794
0.3391657768070855
0.8941587579514223
0.050140332164596124
0.11336240673657194
0.32272051444230976
0.29165909886853303
0.40107536548602785
0.3305082487369009
0.8252540491340107
0.1330471798670606
0.3580171071276359
0.3641500849658845
0.32036342628239345
0.3232835558011262
0.7553032502311309
0.7907548620487873
0.8566164088995905
0.2759519461763529
0.525423986862554
0.7340472279602975
0.3548744237585568
0.20434362130803918
0.32298184861882084
0.9909984091746142
0.795736973751568
0.2219934613032939
0.52643490605138
0.9107279476256219
0.8943651476241584
0.22419464984981397
0.70194566351315
0.009227477642531179
0.3115674997249961
0.8071622207698802
0.6756804428610915
0.9445993268333829
0.16555422170980982
0.7977440757269301
0.4673686032040498
0.03945465398285597
0.5188815138306829
0.5508332104234787
0.31893268225044213
0.3202772098938017
0.48150260041124093
0.31106455045469716
0.9851656106513577
0.29898333124299514
0.24615222700199002
0.12156864516960808
0.0834257124289286
0.14294080354952654
0.7738568672654085
0.13292137114115876
0.0663598575419364
0.503765857345924
0.03710295211812098
0.9846744971121779
0.09612036296760673
0.15390184121675854
0.9370482124905307
0.9144774438096193
0.1467230647897534
0.5764698816163647
0.856254073958656
0.6234893130314636
0.19970401478695
0.9908271390771042
0.030816363585896567
0.10481327955447983
0.5280756450258259
0.35367264680305266
0.7250718447861213
0.33217450478761223
0.20061480856552338
0.3540765077539594
0.2732883032819702
0.08073821258394853
0.5363619192420884
0.11198031901142824
0.2385417711533786
0.5240727159319121
0.9724735594636265
0.7871983898952324
0.1879848202709814
0.2047462464158395
0.5192817189346515
0.7582172933105192
0.08315025214746474
0.31360765884294517
0.918024763744223
0.8640465235069241
0.6164579059444848
0.744435551994176
0.9961861304512646
0.3231769620681435
0.5426910279809946
0.5416551472813015
0.655044011133291
0.7059964597599016
0.4121718043600954
0.08528470865283866
0.7055459548935465
0.27754634347211105
0.604120184442381
0.7463357350656606
0.13484852889685683
0.22656706994696418
0.11565333523961863
0.7913417352662262
0.1511217501359151
0.8641585529060223
0.08763789646633768
0.42627891081739755
0.0557394649402746
0.024526970028590278
0.7050264859934309
0.9225719137130178
0.2107603778475422
0.4215965577631512
0.09962448423960002
0.9623898042785614
0.3524873780755631
0.3567935671409219
0.7255009363819593
0.37527410191359856
0.151608478995938
0.185090052862821
0.7289609499758117
0.9654535933081481
0.12322328324218912
0.45181336135945993
0.7769745270003315
0.6588052072376804
0.11893721911926936
0.7309985719705346
0.5627102873966422
0.24830127031484261
0.8675394225468573
0.34966767864389914
0.0009175083638942594
0.4759588044242262
0.20211809286340687
0.8187917115267188
0.938256170769301
0.26651393711501137
0.7968470146636095
0.5150223676441752
0.12784213108633435
0.7502941646512431
0.14589995228554387
0.6305257361745813
0.46047171947346877
0.4278254153264238
0.5813365929754003
0.2053517376717412
0.9195980684052726
0.1253235762560302
0.10052384195465403
0.40806630022138624
0.42092865274497016
0.5774120615192005
0.5807024302976045
0.46992323382399337
0.560056849568649
0.16654593902920933
0.1614368098575114
0.811100975327849
0.3283854563767572
0.7119228884815233
0.8749916531038724
0.8111486826124358
0.9307135702901941
0.009174636471079967
0.7827082526773913
0.1955895643008584
0.21661000520280171
0.3132365335282771
0.06362293453651735
0.6984797728299057
0.38456174005628796
0.24561536968669062
0.7939500756851785
0.8745311179265107
0.723921509076836
0.9155543349814528
0.16403973165275465
0.8932180483384886
0.5151446477330148
0.3151004967717561
0.8399791328267602
0.15595768899830065
0.9299082996965632
0.8508414850118784
0.05054111237783765
0.23580236147120426
0.5932910735955477
0.19106774556063388
0.6188249325133323
0.14194505187618767
0.4573345239552373
0.5611016798187223
0.7055515659241156
0.4604888951034891
0.35597707767412357
0.9735378482814968
0.9328829660912622
0.6041454407104384
0.7773191471604661
0.6112013773364963
0.4585159918516828
0.3595333671478136
0.19276181784344182
0.8724236834489306
0.7690369844639195
0.7582929439935385
0.3291371491355439
0.5190721972774802
0.16439137705420082
0.0883496532760224
0.14911007465288328
0.5760293378137908
0.8745422726990546
0.926872322374857
0.1683294693075662
0.08197036245259648
0.6355942522711642
0.8782886159420429
0.15391441732619016
0.6420332142682191
0.225588180860684
0.41846980894333075
0.894730691634081
0.1162245608145861
0.991578987181458
0.4613320458536221
0.9524368528245254
0.806346657424472
0.5286725570194759
0.43917913614959414
0.5158304811682446
0.29372430254105397
0.8831628693514908
0.8511021247534237
0.06015129115648321
0.023229226393361557
0.0212942282687415
0.29205375875166284
0.05691018463818642
0.5902074453148527
0.09832093216796634
0.830565491406018
0.40868624781916296
0.18103380349597176
0.6841924319610915
0.09167897278458292
0.9803797484343849
0.511748285436696
0.9215759874005347
0.5831173178051334
0.9460049505296136
0.8533021080954537
0.15827064331317486
0.20102821927018222
0.9870857924857964
0.8863204326829989
0.12055743890013648
0.855875084168458
0.47347249596674656
0.2841962737907263
0.1901403614951076
0.16022250776351143
0.17243221021693567
0.722759088218212
0.8640532276871795
0.9742700187330758
0.4992554189490155
0.5997334294634682
0.11769573132353373
0.9345291102787788
0.8887916077924647
0.1998477375399058
0.011149080269791556
0.870863786169357
0.12811866802202487
0.11684357722359162
0.4407554552318659
0.26855647044267206
0.13830271889335977
0.13404895511200499
0.37686692972456126
0.017517659720736267
0.3878767255002855
0.07270869348850373
0.14296150946513453
0.6553147861988575
0.8128399472299931
0.9944231131147269
0.012750664197735628
0.03812437149745751
0.5912978048536957
0.4384502697771596
0.3716532321300401
0.6092288787061892
0.7262072348271063
0.7712143858612631
0.06238230075336704
0.38888972884619977
0.5907566770553738
0.31766087832961687
0.6881038847169451
0.35028289447842287
0.7207164523170853
0.4010667855922263
0.08604427450549801
0.19421628394608725
0.1614931338592872
0.02321562931960397
0.6198968269230367
0.5743489803474946
0.0987899346376313
0.08098627992260343
0.3049834412739314
0.16796164449862938
0.22681869029315005
0.9211878552003415
0.2560520623154847
0.4415729049180652
0.271219362258849
0.032915891529978314
0.4180619178431114
0.1330922515834564
0.042418260398560115
0.3443503939173844
0.10979365197202262
0.43129066070420996
0.24695846693805912
0.5192854247456095
0.9112592891591647
0.5379664784438928
0.2685282171391681
0.3363897904679948
0.10234025103178279
0.6538271974839821
0.15587178154040504
0.2724296711318348
0.13883556414184628
0.9884089033908193
0.28074297274972826
0.009973367187752324
0.7456991524271603
0.29843473049282676
0.3213824895088241
0.8221265629608253
0.6894824018026953
0.7396615901934133
0.8636368905991735
0.6823209893807713
0.9738295520957422
0.3560839673801085
0.5127565828730237
0.2361094596047728
0.7993262570702744
0.34594249087013895
0.3301617779807954
0.2086843878259147
0.7293622627760836
0.9782507833704359
0.6096909333626661
0.2476147218981788
0.5213225376443782
0.8520109026045395
0.40701060749710494
0.622294695435704
0.2890595684763613
0.3927060123106386
0.5179544739471911
0.34005372237643405
0.5211193652262296
0.8481530497409273
0.8891854439522929
0.6649936453458856
0.28679397762402115
0.14803429416020897
0.08963438582131711
0.40589850666734717
0.9279724794047034
0.22114347805939594
0.18707647589691978
0.0956758496207758
0.908740725428094
0.6285764075310301
0.9089369086630635
0.5023609858208219
0.31926768767512637
0.6641092799362812
0.06751099887691414
0.055368566162944166
0.2592179332324913
0.24413645159325914
0.49406445163399326
0.09277974218392426
0.8784440716776769
0.5228948948892506
0.08708416138975195
0.40398077346683225
0.30156130482615373
0.7228464422685039
0.7724976711210848
0.9351096560691766
0.14511418244483842
0.6656012782149037
0.5517589333715961
0.9419300223333571
0.6402362276680263
0.4276623124390643
0.10063477878539462
0.6312079412219854
0.8902062609917468
0.3582041966656876
0.4835916118434591
0.3055752855855829
0.5845348232072916
0.4534350390547641
0.8751323322821429
0.4643016970262088
0.724442257295292
0.12526965306988558
0.5091950607242882
0.021543220609588687
0.703546417773585
0.9681255514541981
0.9099044372984386
0.15251631481599326
0.6780821312999207
0.5605031415829124
0.023911449482365787
0.5413860708690118
0.42125368630408466
0.013702980414827537
0.5640260580429678
0.6200581751727083
0.2268301573885546
0.7782219435439489
0.976838027738759
0.4808616414064113
0.10885308288901407
0.5753367875213755
0.5876247753294679
0.7803332034040188
0.3059429857202276
0.28691200148351725
0.4779633022830774
0.93615670964065
0.1448089574928204
0.1468551989603627
0.12543711773559196
0.10854646941141777
0.6736008863048364
0.9785596913377578
0.37121831388795223
0.4185854976707293
0.588687564980942
0.6544060144183786
0.23513952007533512
0.24661438502104938
0.4150418991633118
0.5849459785061955
0.20008822673604398
0.8725883273411399
0.13082067115636986
0.9631283321588383
0.6456313663659117
0.328600382301264
0.4445628041156957
0.3224573219742993
0.3947353803761773
0.7894929738616127
0.56948958346059
0.02002180738295667
0.9562158327987209
0.8272651058621434
0.09834057927658113
0.9548154527232651
0.03170435743117661
0.48848879158057157
0.06779840719916952
0.5894318691716307
0.32004197498185605
0.31129953197979365
0.8802014478319666
0.9390966898888778
0.5765843267613797
0.4933781656239927
0.2593634340710794
0.04083975897213998
0.338154634982205
0.28217546527993964
0.8423343178602106
0.4283378026640692
0.43875497276273234
0.01768835034245053
0.12027747401478528
0.45866264554495506
0.008671913242020324
0.6959099347954841
0.4854320553001027
0.8797087794902286
0.9372850065887218
0.3559044549087703
0.37099106270072557
0.6821655541483211
0.15341293926133515
0.5689084095838174
0.32674479768786835
0.17575242326027884
0.9727135352457761
0.004770508283557184
0.31898071012015816
0.8666654900642877
0.10943949807977371
0.6562564330328988
0.9220097410386822
0.5881950025322511
0.10857555840072153
0.0070919607003552265
0.14458327375709634
0.8652196828060915
0.05727334125484096
0.6978839163690017
0.13492621117474668
0.14606252511093776
0.6891154288934979
0.7211560112021076
0.8028042825159468
0.11643863214950001
0.8571719267777232
0.07070403360335331
0.5590902112731844
0.6669822748092065
0.5899926025693407
0.5533943829466614
0.6305401787423724
0.13757767986106773
0.7314372282705697
0.30813927367105554
0.20539447730285898
0.27378211591867796
0.1249704644220847
0.7264631310734333
0.3559612503011167
0.7229708342355426
0.8598031291791159
0.255519556621441
0.20520453295851038
0.18427365227620818
0.9831716093087094
0.968575997325639
0.7098985481336808
0.031393465987919034
0.7259023712026185
0.9299426219418193
0.5893544967498608
0.22758357496704895
0.8112830568768352
0.21766484664658425
0.2438584202860985
0.19142230611646915
0.565473576133745
0.6662794285037074
0.5841472078947354
0.34744390119955015
0.8472105033695856
0.4592182222975211
0.1703347714275748
0.6584335157658847
0.33188671941555137
0.5830752959228467
0.0292715547236454
0.48231769395380564
0.282437192894745
0.6442383887558734
0.6515684268311644
0.0018982467609389708
0.8131759964580269
0.6924298676566014
0.26659472304779186
0.3082455762348889
0.16680712818948207
0.8369710807564286
0.07878925436218975
0.8504991363796577
0.9877773571201346
0.4188568305995538
0.4744079451864094
0.38546762926012523
0.03582012913802335
0.3101270040346148
0.29420482435109296
0.22390587958978203
0.030197157029380195
0.9831625681246059
0.7595657133476087
0.792988713432172
0.6421638802077516
0.3627259942376331
0.10609364289227585
0.6823265710190591
0.5719184290408162
0.7554945888485113
0.02096462763461482
0.20961083627832966
0.7680054295668375
0.899059377574214
0.8272198020496198
0.46740592396924574
0.9855879007023169
0.9966519704830129
0.5107495287413787
0.05689413943106425
0.7410687858168519
0.8597559906482626
0.31932696656895365
0.39913575046861205
0.6333118323342297
0.06978833551108943
0.16628254131775289
0.7360895072111812
0.5035758411942736
0.6434379549663962
0.8422193099844191
0.3607040201771491
0.6957243289554405
0.7214689884259111
0.8580475311472001
0.5103949473434041
0.38170040556065765
0.20073087255160305
0.1399551933321126
0.16224230984970467
0.6581103682201448
0.07571323208116298
0.08348698328438886
0.4409053721390722
0.9565919993862037
0.503936491776051
0.723222835138645
0.10125656934431237
0.5829305868169171
0.7952060452413606
0.02011592581948296
0.012687927898731965
0.4828278905172272
0.5072966192184916
0.7785702817165512
0.5805469620058832
0.951288382524623
0.3847841490348831
0.4866664506795283
0.25556425739219046
0.3775173631086035
0.652134220138679
0.9052895243714262
0.987926091028057
0.2725255517594898
0.4965122736155614
0.1300577746179894
0.4545594026683826
0.021707556612396983
0.5145802375337186
0.6633164428186437
0.051338492406166614
0.9684081412722653
0.4425975351966708
0.37464252823111455
0.12897000783633794
0.9554273101208666
0.9039286511933345
0.8124400927603433
0.7805040785464837
0.8562258819455606
0.1936703148554857
0.8897203811078296
0.39609047825814614
0.3428938067413657
0.4869746012047683
0.8401307757133726
0.2533097363676964
0.7707820072522911
0.43533146478466445
0.757080393976042
0.6247650711351918
0.7438339649704947
0.6744955755154246
0.8954584347438933
0.34405040704134415
0.9297468112781015
0.17374413141611111
0.047830563098631096
0.6736162564991416
0.5662005240379626
0.8640509773301747
0.15286962109238644
0.03955755153646623
0.6963474137706083
0.1096138058424887
0.13577395859892483
0.4632318902423622
0.971418892331577
0.11098058882410311
0.31743018910171117
0.3360564081684708
0.14092567727901217
0.29050904770025665
0.7230035512107141
0.08740390184612323
0.794658148041815
0.6465021479717327
0.09341318914716334
0.02779848788092809
0.6288002301392853
0.09931972551747603
0.5581144262198977
0.7169399347846495
0.35880984153430295
0.7709927485015925
0.8206022055798923
0.8280699224041773
0.5066709670044149
0.5095199541175409
0.22728598296138947
0.930758912839445
0.6799694428224533
0.1954252529192465
0.215174696342617
0.26370784897481614
0.43224606364071416
0.5747698930066693
0.12080098282588358
0.974232821379172
0.20892148954119427
0.08181044599131115
0.3561127906566781
0.8158780842832661
0.40910626037413245
0.9425723004294735
0.29573166858462363
0.5127999364834165
0.9562385076093699
0.9174297410198142
0.5811872625190189
0.38246250829077844
0.732399764218861
0.11602850478344551
0.026149118698635232
0.8909299999307225
0.49094741467676806
0.3218905186862161
0.5042091930272359
0.6220684658226687
0.4123260776673703
0.3782991974762918
0.04514840911339513
0.036788675065191345
0.7958693518939162
0.0821445626510755
0.22066332594910698
0.26443562980426494
0.3207470302597901
0.5000663730177436
0.11633613172465096
0.566745394018989
0.031764646061003154
0.9915034075983473
0.9058974725858239
0.016079135630829078
0.13847174491081893
0.28873537137331373
0.90526876756507
0.2801755336334313
0.49124428638656725
0.18103987146673617
0.233765497809043
0.17435721254441205
0.7867479139024235
0.6463831423220373
0.8360171265094742
0.8089184404678619
0.9904716112771702
0.9739496341361105
0.3924903495190395
0.2899448852704716
0.4935778449710445
0.031910575454333734
0.029339538851876013
0.19709124094079677
0.37188648962661863
0.41005561022136916
0.3712886785587174
0.230767960882456
0.8296223721545603
0.9163681213291213
0.8801216316754229
0.44243567363648917
0.4432822430729798
0.1787645083257836
0.8651253013937459
0.7294057180213819
0.7403392817516344
0.9899341772034228
0.4625172109411194
0.37449314282656043
0.35623526878584344
0.44770370869251697
0.6876173592729085
0.031261761174905645
0.10872547017860779
0.927539824667656
0.08715868859802678
0.28594429632300855
0.09571593461140582
0.1624425015612252
0.6971336475759844
0.30261958900695063
0.6448252262416208
0.20448807131042068
0.4956436667487689
0.7810772176526023
0.7451767741367638
0.42118462972599213
0.8624239587692615
0.1372141555689972
0.5374196468438366
0.5960322862440355
0.6085958826548151
0.9288604667794088
0.3379054242988475
0.8004477313560497
0.3868260862658859
0.40573765786965776
0.8803977831469679
0.3928636386087577
0.5738809077442175
0.8296878032622996
0.12418006512254498
0.09469673927608924
0.40824041406067835
0.7955559289558118
0.5920203919958315
0.7759256324908115
0.9456041251592243
0.5169377204574858
0.49451292000333824
0.13260542360209782
0.24286354146482136
0.8247038219497669
0.9132804721036054
0.7070718309761698
0.9799959299095806
0.9949615399884293
0.06251041181048711
0.2916777807781852
0.6507293430277371
0.2546897712881081
0.24393684636286372
0.6432734837149143
0.7813969771176733
0.06706743922609282
0.7681852592091795
0.8437650133275538
0.1017137362600743
0.8273544544406866
0.19877503727775825
0.2128316193738805
0.031491471624994216
0.39861238707520075
0.4011516698794635
0.28832294305310413
0.32547084297554285
0.8954189476057718
0.9819536294353316
0.8602778052092949
0.22620490615056232
0.5916970517911049
0.5827608441866843
0.5677490413669842
0.6536745060394454
0.9555036248387497
0.16434960365968854
0.5914839094149199
0.7300683089822618
0.5145798845489972
0.9305042779383733
0.021305034308615745
0.5310045335627271
0.5700827233023845
0.4118920263149155
0.7723877419211104
0.00835251234942258
0.07660270002842129
0.42652661857893814
0.4471607087013004
0.17349886183061214
0.20179206691546037
0.556367139447535
0.38195913926511327
0.5020936885741949
0.008722873745006576
0.6551324308992833
0.331905944696156
0.8518232731927515
0.8633459740303746
0.7141102370418246
0.6368417449732149
0.4737730691226123
0.31261639003397035
0.8674713606244471
0.16737628931455106
0.2729318353111312
0.15165761897933683
0.38690504285407024
0.40134458338522205
0.24943240941339662
0.2073106215623305
0.12174455309326071
0.7677700960212964
0.7400141624986901
0.2036799382732678
0.41781326057417
0.799088156383024
0.4692296941766968
0.845587670619082
0.5357798480962348
0.6139085066123199
0.4254312167516612
0.6673942572861803
0.4134740575178799
0.8219685686537013
0.9825843578743203
0.7662115515162712
0.11111631541499112
0.4280055874219273
0.8484014020498778
0.8934734494345972
0.7977717713195315
0.6712739926604082
0.9749492686459253
0.8074370969224473
0.8858341153691159
0.21619172314923008
0.37690205933363086
0.9929644872301453
0.01880139192223207
0.6849087451422666
0.9970618604280841
0.6447770145230128
0.026584715533220393
0.7990357204228665
0.5536148922585006
0.9098632957219855
0.9508778206092412
0.5089615865595661
0.688082433428365
0.002700404648083521
0.4247940222062615
0.5266810235108776
0.2501278237158564
0.5836809814957492
0.9864813452235888
0.003639271397212873
0.1548060353370414
0.8699027586775836
0.701176717938609
0.10009952262632338
0.29094205297234266
0.8325311731816228
0.3523555329852702
0.07164268750176772
0.19218496245658012
0.8011780614011157
0.24144569981139974
0.2879191775968859
0.5272171782086194
0.73252624212211
0.2742250637501582
0.6754856826052043
0.9434026373963038
0.5903282720360227
0.2574606120826941
0.7299558727123988
0.5395416636931668
0.16827821728483694
0.26500390473221225
0.7928434938299264
0.7141517928680239
0.07336058306139726
0.8198812780529091
0.8378219067424633
0.1905607858223517
0.10412401652884118
0.6728259768347348
0.7686302925904419
0.6897557614052311
0.05069899519119381
0.41101583687649135
0.4328167505790629
0.10134042705290802
0.9340949967773952
0.0814172162685447
0.4731477347883709
0.3884065970877534
0.7739601144983218
0.8402748482612747
0.6602089241250381
0.6242652538417691
0.23728497926541114
0.7889440495135992
0.7482485751075216
0.7490648285813464
0.2575077918819134
0.3462367925330907
0.874510977111017
0.23872240837583358
0.03274465375732316
0.9435937277077319
0.6757287184015487
0.4881862778305941
0.8664576967838802
0.42151576706381655
0.2953034467126995
0.16027275920603024
0.038271150419506794
0.5458169842016201
0.9727558121198921
0.7528413819110819
0.16555456069821517
0.8109827994540695
0.5460401085477131
0.050529858424720686
0.6919032484264586
0.3539517210539618
0.35713487099046115
0.5581724909084177
0.15825396996365426
0.8365661354400172
0.12375064820645465
0.5229308436065307
0.7106363432427726
0.917499308651201
0.05028412170604202
0.6627105839444594
0.8073188206885692
0.789196722559571
0.318972097615834
0.535563397289099
0.42864990521630486
0.8063121664702323
0.3755777277486406
0.5918198290725886
0.3176030797409798
0.555165936432141
0.2163252131316763
0.8386696922945137
0.04325843495674475
0.8472019580289923
0.7431757649846125
0.521947928061184
0.4011805337107254
0.405964855365338
0.5442111959142285
0.1586354948814831
0.3635163638698625
0.5781649022616658
0.7059827739142186
0.8783122036307268
0.9702533112442966
0.812056294735579
0.5299265350063412
0.25253204955106545
0.5283148501743737
0.5043180490115778
0.9134694638545733
0.8074067626536162
0.752723143357036
0.34118394731602286
0.9200446788097336
0.16918776900516108
0.016493614547315127
0.6825613312347442
0.8823841259170195
0.09155695607646275
0.2786532606235168
0.39562026716050136
0.029298269337494243
0.45543527491552815
0.5311181035862134
0.36631551556893904
0.4430859974364896
0.9585035145377376
0.6779498779851014
0.05633807763102683
0.2024579019287197
0.03163789698690678
0.8946567320454545
0.284259239893363
0.31425068461838346
0.6185457399771417
0.36574197537865183
0.8806844810986605
0.8711646918598576
0.0686999645875831
0.5472732418577086
0.09570993252097604
0.13623369423491938
0.1694319276888817
0.05365490568397968
0.13799303198403812
0.13177137540887196
0.17253848481603085
0.8563695828371773
0.8225465638501033
0.2846648799729905
0.9004145237082799
0.46326189787297223
0.9607231493594454
0.7465014637935391
0.2617730567208839
0.4590762876972908
0.866668302135393
0.4586944367314666
0.027272585937942684
0.326874757303927
0.5579071840304582
0.3523805022441865
0.5316087443263333
0.6243253658997064
0.2529126768050498
0.025535948256365848
0.40294796771219454
0.9627656277264356
0.841937474979906
0.21518732093450754
0.25902300941522927
0.5895624452486005
0.028291722895445126
0.6771251562233686
0.6841017788576867
0.14895750241659922
0.22024366401600537
0.18464768501438922
0.6445182560144037
0.1296686668955621
0.9553634977228804
0.11280450003175724
0.21463802813378186
0.1056545115734081
0.729681209373915
0.425137778314994
0.22249575054755655
0.8890103452490015
0.669554109973111
0.9647445891788107
0.7413719907857169
0.07865964785754476
0.12910018382387656
0.3414079662085543
0.40376771418698276
0.8652568764497042
0.7037876359086052
0.617395983360836
0.5306441811861069
0.21582716344937225
0.8377236027496752
0.6945126800713051
0.06822056419967115
0.5685478149610682
0.3427489135709003
0.003051094882674188
0.20555462642056022
0.8681311059886014
0.34109770064115674
0.32861233537275714
0.1942702686397133
0.5596102242790832
0.4759263763878707
0.38832471037949234
0.5000440845707945
0.7685794868821628
0.6826196310472252
0.9366893711709031
0.6515520288872129
0.8815196001503928
0.6845437277980136
0.17620477876795848
0.5369278229265517
0.6277112837849806
0.17451253024801094
0.6555250892523714
0.6711228921714676
0.7820802937681879
0.8822050753863604
0.4070923094906189
0.8019376381014921
0.30069038684353955
0.6707746697400399
0.3508543287322724
0.16403895161780535
0.48493479095692626
0.22467956913943798
0.9985618938601468
0.5056660783256047
0.3257174427362509
0.4180907618991563
0.33219698475261417
0.9302384301943527
0.0036860400638916158
0.8038403025651655
0.595737597199505
0.9486535731734874
0.8154190190693734
0.6868670760014364
0.1430256250710601
0.8013192349825761
0.49978710932481607
0.9174135437532868
0.5476188913645912
0.7887867807342881
0.1621407367432709
0.1757764009055448
0.3023834870693305
0.23311047445966082
0.9885891962363516
0.9583161772991442
0.304143237815203
0.3984410187917966
0.20978615574123982
0.1494493938332293
0.4025251227775476
0.4713343317447529
0.979260334365329
0.04292918608452578
0.8788622972841837
0.46017466464094403
0.35899684634296847
0.08920178712370719
0.5901670281012577
0.9845967021281291
0.6402538682112061
0.2863945122775904
0.6999985828776523
0.19065319921003987
0.47783528016203225
0.6236882005200116
0.7808122515433306
0.8784851580321654
0.03637849953952077
0.7776053184421433
0.414283570985285
0.8295451155067157
0.3816386714582398
0.37895798799458225
0.052731402362732105
0.2485230881542866
0.22510253650021717
0.5668930624310732
0.8831466648380883
0.8827914823315005
0.13521692122921436
0.27290803339138614
0.3601581006254372
0.4456924232807491
0.8341144591816068
0.39787138410721423
0.2504072079201093
0.9419249763530705
0.5289232872541799
0.020141274291792466
0.17435113368088961
0.27281140026009
0.8434591879049388
0.01017321596395604
0.039174468955518904
0.8404096337489921
0.050092941469412455
0.4704221926237826
0.7118433418739787
0.5295964274668928
0.5496845090975827
0.43322408172880245
0.739590000878571
0.23835304429770354
0.1768641389868565
0.19947816848135058
0.903353523250712
0.6744697646859463
0.8491416759853153
0.24272309279649462
0.27981516952725927
0.45078647567774166
0.880813260877711
0.9296440994755627
0.9907726288867135
0.16804827335741712
0.3107090584223796
0.06213326778874295
0.3014117532361127
0.2666333094880289
0.5784342984083702
0.17787680493188462
0.9827315077818859
0.869191130973137
0.9277884443435818
0.09180533892371068
0.4421940764950223
0.7213620271449587
0.5834299367148319
0.3620254724865194
0.4571301479750811
0.744186576382729
0.7791025096955916
0.24712937925563916
0.7015975298384836
0.36712207314875844
0.1985007960444285
0.21207193588690065
0.7004455164706945
0.3768371626701561
0.8720548766860684
0.6797235973262963
0.8673675281433461
0.6361370691815865
0.3576753244393349
0.2576330244179039
0.9339298834641035
0.21179182880615266
0.3666691195643875
0.919576518466457
0.4997977661256685
0.6538124765428255
0.43316744682483443
0.9452256867299621
0.18156478315022473
0.697839248572046
0.3530174695895113
0.4301956448813824
0.8737093798199381
0.5178581278757481
0.028724659369605554
0.6667868529915656
0.1727682135694859
0.28811728032944295
0.508661815617976
0.434820487741552
0.7712625622053785
0.9322392365197583
0.7136632505589929
0.9062667994161541
0.1194564064834821
0.9024309182345973
0.3318634352548335
0.6275024190034642
0.99548583971585
0.800522107371454
0.3050575693239844
0.8568194216756894
0.7154069750674189
0.4554655078943396
0.266865729381343
0.696375565461039
0.20566587817655468
0.32733707938233514
0.044276057789469414
0.5291543829081057
0.04839054968870471
0.513990737264784
0.04126093350817406
0.14440957153719547
0.5548683146555291
0.5393360183889748
0.5535512720740224
0.2551352744827655
0.29701074964384144
0.6125174458099141
0.03307517441559793
0.1317255115663839
0.6435623002580414
0.9830514504585924
0.6132845586743826
0.41184908424282063
0.3985889540902906
0.2588655808063762
0.7534881757926175
0.5619760999881813
0.05387541184749611
0.1389403780378502
0.5966112994483012
0.012845167059707063
0.5715317542914151
0.7676528872656905
0.4270555552220887
0.8030429626064
0.18754969710703262
0.8166235750564874
0.8848887499990168
0.531237792068501
0.5496648181789981
0.94966840975489
0.683830324599715
0.1440795944105373
0.5160617623468288
0.9528978841789122
0.42488739535471953
0.30386532579080916
0.28783159284150706
0.43951775494276213
0.24098591507419598
0.12841259174384934
0.1505177841167289
0.867240375661426
0.08370738557735335
0.31572123596762747
0.337410047777276
0.5361215470191398
0.2636653163090861
0.7297732434482832
0.15340291396538397
0.5431398205278949
0.4975121692445139
0.9093307702435761
0.3106897778976676
0.5864170985421127
0.29252984925975845
0.4040542087658019
0.6274405245259657
0.4890037275362711
0.7487639211124899
0.9556719782230151
0.7104821080740812
0.45774593300407174
0.4073859755860183
0.4063765502668719
0.22373846281985643
0.31160932686034704
0.9884804999542621
0.6013516421797653
0.25300246592678943
0.40565006921008073
0.29662947056756994
0.01729221322071972
0.9420126954778912
0.34231089356549516
0.05100004608928976
0.41184693355113944
0.03376314134515235
0.9533079508577615
0.6567007641591301
0.4234680115259464
0.9554694688488349
0.8240524212598171
0.4037931666231117
0.7129011098969911
0.021963622018821072
0.3311196587325268
0.9785656363916923
0.08688883663639291
0.49320172123470873
0.9726075806005072
0.5409139808315726
0.24029020536342882
0.029119445687549317
0.48505082610988703
0.09318668888681503
0.08770517035876446
0.8842969541427677
0.49657996876233634
0.1516260695858307
0.11076653055179486
0.6371617676788326
0.6843407159188195
0.3178723119005761
0.9897832123945571
0.227287711469227
0.5184291751171477
0.49619107203024304
0.21027643150160935
0.8518195121980987
0.525165254065314
0.6345702923242026
0.831525309839313
0.7707356781528363
0.2940909892796615
0.41601824008090627
0.6562473223905516
0.8162307464585281
0.9067765130544478
0.5801775241275771
0.7373842911139837
0.6674905345181424
0.9418615509309726
0.09423510423541503
0.11872143189276652
0.18898196547367785
0.5116704174713151
0.10554739873942198
0.5232493607294814
0.18045864894949037
0.8164772662224171
0.9352860937941097
0.7315925139105302
0.33780903603601165
0.9160338443866927
0.26616561643909487
0.034342911943978205
0.6824688587922073
0.1426854519918055
0.1899559384681354
0.8219151928852794
0.4215715363309438
0.4171644332211282
0.6122028783826985
0.09333986508090619
0.6001488194342107
0.5110094274346951
0.33611920566550624
0.6413849308091149
0.9731449289525927
0.93999995880361
0.34510487716597626
0.18207016117622854
0.10745612313777331
0.6971737385629808
0.3616410308867708
0.39435542969391435
0.19825107025095667
0.9205246379105018
0.05016594626963056
0.4731478619748204
0.475570115715108
0.4987234435184761
0.20720495436872644
0.3011016787844115
0.5736854447242593
0.9655219302888134
0.13535952302748477
0.1223109879042178
0.9626332747963139
0.05171793996277918
0.9707621635639307
0.26938988616988635
0.842261138292744
0.8340732006233481
0.37623147972583204
0.5412100223548978
0.02107819829763291
0.9330824453985266
0.11339643557079859
0.3129307739762186
0.7424423861720563
0.4801188927866964
0.9720543490479808
0.4301001517336718
0.37901769395176765
0.18866091298066745
0.6745495097408833
0.700113388648106
0.4960263593619093
0.5448283670376832
0.8333302670040369
0.3176328331538185
0.25044060474283747
0.6702369694501341
0.13428932960079476
0.9305746775526801
0.4094887306003827
0.06804668149938076
0.044718113449691455
0.5726609325436922
0.4266402915587041
0.17760934728219446
0.5330635043372535
0.05829565539846249
0.8250509132195685
0.4430874323328067
0.9084887659038893
0.1421499605794314
0.8396525881164606
0.8639075608606239
0.08924532226292858
0.10053992779699006
0.5818337396771905
0.9543260564752063
0.6773156862903218
0.17268563632337697
0.9376800124503003
0.2862609146654559
0.5730117429708123
0.7854454143028956
0.8789241166436477
0.1875770074975588
0.01011953696365897
0.40308909105485613
0.023174589392383038
0.8804574855087954
0.8151044455573851
0.0799590652927703
0.010349150930164197
0.28012640532203914
0.19021037411423003
0.29292712435991797
0.2643158026592516
0.3200172327265184
0.23741139093266728
0.03228806410427243
0.5947573585031244
0.10579359342377082
0.30190632016628915
0.2426265421685435
0.7059101706308812
0.5012150814332728
0.3862372298063875
0.7486950416699797
0.5904166462690034
0.40340132343687296
0.6607008341341069
0.504883186656363
0.8806575573395137
0.7003534649249787
0.8580853348704375
0.804811912624386
0.3016489693605112
0.9084420621798766
0.36094933327106393
0.04152153729226893
0.0855553522249477
0.737359296958985
0.4749561045521228
0.05402356093683547
0.5657178250213791
0.2544335916597099
0.3008425998408336
0.8001212619729611
0.17971132103110377
0.05465752697133697
0.36624665071369955
0.8539214317830485
0.6384015103896479
0.5575919972896671
0.6466085913658147
0.6921619005656715
0.8774289971523919
0.9903172323055364
0.38116487080664996
0.6965152344849976
0.8990030993938167
0.20512275308393024
0.5611469189767415
0.6466336977746222
0.8116487996490965
0.13288895218558805
0.5469150367395419
0.6254424934844223
0.11048056910546467
0.7648291225508473
0.03497579109066451
0.7899080684378104
0.825381568995358
0.15382699286502854
0.34266332215251427
0.7368526211541981
0.6779475933080166
0.41103663258027734
0.3212108125046894
0.8292232265496098
0.041842054698822184
0.05815487681254139
0.30267152333858005
0.41152271287681585
0.8188625076286399
0.814094465201247
0.1055350395625132
0.6731898005632497
0.009462796192980516
0.5011563047766058
0.774372455413764
0.7696904601458748
0.8822838260907723
0.23212130525233599
0.7255237800634602
0.6805758650836444
0.364208532182807
0.362667274576266
0.18335529532826256
0.9072883900926626
0.09982652074252174
0.5041095236282556
0.16176375434782764
0.5960689236112142
0.22057132025560944
0.3820571715290788
0.7832123714433833
0.7996146963452441
0.13624816379260485
0.5510252094325029
0.6397348517464393
0.7958343257389602
0.20953921459545988
0.2459300019068953
0.38364363143460967
0.8469535207178381
0.7809591149608608
0.08429121048628929
0.02802952304307116
0.0022521450881802796
0.26149110127674147
0.5915987018518549
0.5945253181092989
0.8661298379164726
0.9463067490802652
0.015531748736503648
0.14381559233423147
0.04142564777091895
0.8937006740847534
0.11578325235839915
0.4146964517002242
0.03265829664857134
0.2127524983970025
0.6217293094434858
0.030042589336311543
0.5254187708174445
0.4894175262419954
0.8015101437214163
0.7328572521989021
0.2057676632684904
0.844055128947361
0.42155100597791373
0.4103864411598379
0.20613314624766232
0.5865414746269542
0.6543783977917479
0.10389022029909878
0.1996782859472508
0.43217493353971925
0.47547038769406225
0.4277259714987294
0.5770352611364843
0.1401854087649116
0.40458914903583
0.547967119794166
0.27406345972912927
0.7291213666517707
0.1681395284265279
0.6531359272480592
0.19358580578072238
0.6580482753789569
0.4590737062799931
0.25107402795506295
0.8134594269141951
0.31630553810831075
0.8119513781462574
0.393025573736033
0.29518427420999827
0.9577470129842556
0.7678826637315497
0.9272657026006232
0.007705952187835874
0.7590891557331583
0.3809853674437028
0.42273966700084353
0.40906831904254903
0.3310027630463861
0.8009225850594682
0.2041734664725937
0.32762150801993806
0.8212180030815568
0.6780225283268586
0.7971903405441904
0.47074023971925694
0.4919407913735372
0.513509540795511
0.3559005294785407
0.5208349653315976
0.7079182510914154
0.3359528737730033
0.783170843329343
0.040263689040573425
0.8434336898675316
0.30661702671290725
0.3324187416104456
0.7284213479929801
0.2532355941229454
0.9879240530947443
0.6194417415463132
0.3385154247096065
0.3389700977852814
0.8911964537585976
0.9316803549029815
0.95556846003484
0.36862453808108653
0.7361892263549075
0.6486227826400102
0.6576889133587877
0.10464191062409722
0.9053328208166842
0.17390887356282125
0.2440434605668993
0.22231602656144822
0.9084683454718158
0.4075083461649335
0.9659701203313371
0.5304254117108081
0.6035132311153245
0.21933937871471532
0.977501235376216
0.35431924486446786
0.532142404791075
0.5693211332386466
0.6067110507558544
0.34597124165350057
0.8587600578958494
0.4273386273340569
0.2685544100488787
0.242966055529101
0.8861421431344035
0.2678645363710772
0.48216692977686815
0.474379237027421
0.6332858409636142
0.8724940932381227
0.16881536095364036
0.23946010697038966
0.4234425517613196
0.39848435105188096
0.8378863710386767
0.6355657190802775
0.09690305006804811
0.7591869386271868
0.63007633963008
0.6550646227670314
0.5100734289924369
0.6792059225216636
0.41413837459915037
0.23445424067143017
0.7695055472304198
0.07217254986966137
0.5133264792961639
0.47750483253356135
0.3546124284911609
0.21195912237492398
0.15894032326096497
0.40488747319219287
0.586139462630894
0.5311123024803267
0.016486550039303993
0.1977329730876758
0.44542814634781425
0.42120131259432003
0.012894637792044583
0.11079591683641532
0.8579014309489186
0.4817303366086023
0.15676146986212036
0.5822258023854792
0.33932116039877136
0.8461542235620436
0.3820649111661104
0.07202631961662176
0.9248911627220732
0.011469626555104973
0.5529668434557293
0.5396046608405651
0.2574262808644151
0.29132703927352266
0.06325018965133833
0.036336679879704126
0.8687157966450338
0.36053679297731334
0.8003712659299933
0.5374625190483658
0.8047508573445237
0.525082848109217
0.401647871920883
0.3830401277048051
0.869904739389386
0.6098801755846543
0.6356853776688376
0.0019346496115218992
0.5463682840440311
0.6336530642318898
0.10816193033972665
0.2265791704156841
0.24828745445938283
0.7529662333114177
0.42574351608647243
0.10406989861282723
0.3373716414891599
0.5195943508926218
0.19961033168110898
0.09032494556325088
0.21170307757241336
0.38731619849623533
0.33634781586199436
0.8659119792931965
0.36846307723993665
0.5950938576325432
0.16346403213999172
0.6299884307155232
0.7404117108431215
0.3477512873966221
0.4268971464968666
0.26137238428963105
0.497263226216773
0.32416752758763534
0.9381469313624949
0.9847117909843237
0.763466806040012
0.5489456577416182
0.5076707094426454
0.0061613260126319735
0.26870393563642936
0.7404794836079054
0.4618886041259629
0.9102421965162255
0.6702776939867768
0.9312771040330794
0.384255789016115
0.9887812098744031
0.6946332994082755
0.3346177547968191
0.3965940794762802
0.9500954354275346
0.4993639298080427
0.5267680314564173
0.3619194746790121
0.8325290710555923
0.27848534704277517
0.47985357209543233
0.7082865689402844
0.27979031673542276
0.2822151983640424
0.5209010589444382
0.37249103561844354
0.13919704814823086
0.31761861444400663
0.60762121862314
0.6040471036463058
0.08380894514131254
0.9704669526216047
0.7688288346139158
0.09016253091594972
0.42999082900253627
0.8501816931155345
0.7777655177880414
0.17286397498636286
0.12651644306551446
0.8818173791423579
0.6072389504015425
0.2130278361410216
0.3823945803624462
0.5875667445111838
0.3245188757224856
0.8788392096071307
0.47439269102717685
0.5404005569351924
0.5459264200937174
0.4068779399057475
0.2674155212204635
0.289833756555701
0.6024775055396194
0.5943711531379849
0.26086411118929775
0.1345175690085536
0.11419740608851825
0.5925597784435034
0.3121437936432435
0.028786720714941594
0.9986069330886268
0.7383152498927776
0.7883727310460169
0.09469459598214913
0.21381402954810425
0.4089982755937468
0.2529056533941114
0.6745916733705668
0.8689095558792511
0.018233640584958355
0.4443541813464872
0.6245144439083492
0.5141747139631934
0.14207011605297715
0.5433955245147297
0.9830894540643684
0.29980407850571444
0.4236667668485137
0.8224364250769467
0.6682686594952729
0.2715085922313998
0.34530024531826753
0.001397516313406344
0.8094750857088999
0.48528768044747417
0.9777100203097502
0.11355043901749662
0.6630707740217477
0.29058872709555783
0.7141686952553634
0.7167464851778377
0.9679528412326157
0.9975107177074728
0.46397885537165906
0.009670696893848585
0.8640932693637446
0.3650258533471784
0.8091428455814416
0.49148485669373965
0.08096349231207123
0.06450348685863039
0.18570324158636864
0.2826626048763604
0.8375297534052133
0.2221226742331801
0.022984756005755225
0.3739622275602199
0.6910017303132707
0.08254625882053657
0.439296248421676
0.08947520873061554
0.494739594898859
0.2695449790063501
0.49227056172740247
0.5441114894387218
0.8795933205673799
0.021850136313216306
0.2189113435553146
0.7471222830183518
0.7771660569257024
0.9261564315136229
0.03900327639437684
0.32271080985502376
0.47439541328463664
0.8826629045681874
0.5445108432465215
0.19880446735688506
0.440812199870283
0.3572510360519703
0.8656401178143517
0.4674454889755775
0.20004502633261234
0.1595483968454714
0.6452822430450991
0.6618177764195272
0.4454138462417394
0.9802824612253492
0.37903510042065824
0.5092206587677074
0.7609004650804645
0.7984024670616224
0.2799782839858076
0.34142289928360803
0.06347472024334821
0.18763177889572114
0.39459666166507723
0.12002982797648354
0.02348971727731508
0.9603445008652874
0.8843792800270837
0.4073697086007857
0.16941114008839675
0.2857916630963766
0.5401343029298684
0.969005441478747
0.7171820403685416
0.3311718231579257
0.9685950613232349
0.5785242383138245
0.21498366971038307
0.7350515061101779
0.9750961401883731
0.8974422215699476
0.28162702589593636
0.2250167729358329
0.6319447889753594
0.24255757909818665
0.3948460766406471
0.9409142669060117
0.24586193271374268
0.474599738121132
0.7000821111137776
0.9938123900324572
0.5988244037657853
0.4494508736258144
0.43449727767381097
0.46220335294379256
0.5598057105512984
0.24157752128628396
0.8169496456223765
0.4907489963507716
0.26028309470481326
0.4780504525180642
0.24924128665128165
0.7828342585870308
0.367005657616013
0.12522456966122153
0.742684758738497
0.8612708657216356
0.19086072679044563
0.7600528336955684
0.7818376399419271
0.6245002094909851
0.8040880444242037
0.5192375736095342
0.35434279435869653
0.45982470211933824
0.7901130345454033
0.3271574807585479
0.6402442561356295
0.6846673591609211
0.9686007869634796
0.39326468036473705
0.5379580800404293
0.46373012242825984
0.9011154197823854
0.3112806909881304
0.48532377493010426
0.6031484181064273
0.5941996835997407
0.3584788953872893
0.20873232352844728
0.9437318745591059
0.022489788430043345
0.3316333045185085
0.0668721233357844
0.05535456993294108
0.8627021603778647
0.40550539316331013
0.2742910249297166
0.34481521487363054
0.5528899000151594
0.49404361897919447
0.027066128565923053
0.2873996966996738
0.2509523346183904
0.4319595308777634
0.7930933520752975
0.4326441882000768
0.9126988221091097
0.358775258176791
0.5346204658883157
0.5049867728096288
0.6019659710224412
0.07315627412935766
0.5916042320161992
0.4900983824859826
0.04463056279604727
0.7966360330020252
0.34154760586127353
0.28370563481623656
0.9178251276685275
0.12174484140236408
0.5741602084160409
0.7450777332032834
0.0013264047300906023
0.1526039813914195
0.5988746478669181
0.11448049337968846
0.8456264389033634
0.6889070715726895
0.36658927780662653
0.7303285018677075
0.45689664092169846
0.5560659349543497
0.4139946240310822
0.5637688385997345
0.8736686478437435
0.49212681157736293
0.4392012263006929
0.9480622589113996
0.09991313559298054
0.39997781609600336
0.9834002623602499
0.5436163021305151
0.6254255983025103
0.31089740830232593
0.9519608525176482
0.23447365911356244
0.5219408204195671
0.37774519746069835
0.2948551417212236
0.706237322994216
0.25075348704559297
0.06095772570149538
0.8627971162137171
0.8820928548886217
0.903236462658348
0.9553310497092117
0.5372785277969622
0.009967931511060013
0.9195329207671553
0.9034303260025782
0.7802849764592286
0.13714867561484534
0.8469660004044158
0.7243919641336958
0.8575823248505018
0.6773746929475611
0.7129803887727701
0.9378100540519456
0.45468095316718216
0.7306610545427972
0.7495246293031599
0.09294770973345212
0.5354064156540926
0.5210562739883072
0.7275321031470876
0.044791253354855454
0.9050570890025825
0.014883242087912585
0.7355274146938339
0.06572944727509566
0.244575607357573
0.509810594831392
0.5356510426774554
0.8920385800613165
0.279027620690667
0.23729313719556278
0.5544284111642026
0.6429740349082191
0.4715265590799309
0.5727260959580499
0.2760535613357157
0.9861113051976049
0.9468625009029304
0.796414123488957
0.3178071588013719
0.06891253771499983
0.9083006550048096
0.368558326599737
0.754779644964791
0.533472670922252
0.7559938362811442
0.8044981979639356
0.2176977187241591
0.4421424853713539
0.7025666910742421
0.3228946910310396
0.010877911376102833
0.16416073683219834
0.05978355528323487
0.9614862307541412
0.137139389205841
0.5750984115737839
0.4164742777964664
0.31784402148964275
0.4975458347638573
0.2831407295340006
0.24000508172248936
0.9709358650917852
0.3823043367497222
0.6966970638704302
0.1770607571341578
0.6332548787909243
0.5642299411788267
0.16228584225709763
0.6091397103288103
0.793290764846763
0.32473145855292607
0.3941406888749588
0.6883236719730925
0.7838194825081333
0.005306375449743439
0.17242210821309378
0.8017828907390906
0.2335474982456398
0.2719388391868077
0.17314845779858512
0.7989923852867696
0.42077541180335554
0.8985852852089322
0.09686005004525888
0.5206652068478343
0.9477114905064561
0.3807935767234143
0.6686175884631247
0.6975546404784116
0.3949101184170555
0.5370071598985431
0.16471642186175206
0.4090880360657728
0.777918015094543
0.22057506921669356
0.7170838807682794
0.1593812923795227
0.9598302246775132
0.10981168106999395
0.22611979300696317
0.054424891546025256
0.7252058649023794
0.0419010079829093
0.8846502858119963
0.9369155665174992
0.8450732249321038
0.31522659004305653
0.6386927290057578
0.19867659409282368
0.3702813787020506
0.7911730153017452
0.6737430270965294
0.7895132989279041
0.539518963021235
0.3889823209716087
0.2530436506328625
0.5914420808098162
0.16999902198658556
0.5986032985228394
0.5848159212540709
0.34843524070634746
0.48023940662777476
0.5684891190092666
0.6649856959877684
0.0020445130598168992
0.858136090695977
0.43122204216207094
0.5720865626932015
0.14282288099919505
0.7775214988514312
0.28940387309101745
0.2897282228893181
0.7259281504254769
0.7450640828638979
0.2679210790297929
0.8714540611147621
0.691836506882743
0.03370436161422674
0.7685196292913808
0.42940334970883676
0.610658070857541
0.9040338125964078
0.7948389157738107
0.596184714052629
0.7616583350579641
0.6259682130754997
0.46882009290392934
0.13983163563175527
0.2627404516554782
0.5611048299383314
0.8293477662405857
0.051175563857382755
0.6609395662886388
0.8819812443904974
0.45305497425608166
0.11860751328377872
0.5673181366408355
0.6318751351507588
0.8756014047686143
0.8345323748165138
0.6854517385727356
0.6273057453056237
0.24342821857946417
0.8124013087656337
0.3418987142965504
0.3624609654050722
0.5049539594401797
0.2695729866622716
0.6152348137667798
0.5758277584164222
0.21336216039093348
0.8686584034885173
0.6154128313764473
0.891379927625728
0.38260490330536523
0.37096865034890936
0.15823716305830937
0.012981932298213872
0.18427691066525975
0.9790483508207484
0.3201729845728948
0.6040577006460663
0.8484591767120382
0.19731559128643172
0.18340402312102733
0.8909796194164362
0.7556043752388689
0.9808435376605877
0.35631754352447587
0.7653059463079959
0.9440104929184996
0.5223215241118552
0.5790214132471946
0.8672578224587756
0.29991020958975656
0.8233305560104661
0.5536401578717713
0.7753448968256922
0.7306646766623353
0.5639906678315876
0.10508454133720246
0.11731600551924215
0.8361061707959644
0.4180212869052864
0.032762883375529794
0.22544120619451025
0.7172283838759919
0.4119020713694064
0.9609025390575039
0.2912965379616146
0.9455735449247591
0.1893118147017233
0.014472889604712935
0.6452983046712314
0.5826204992683404
0.1768272422421322
0.0616378195751619
0.1159926625179396
0.04062543096464322
0.6560859557097838
0.6891864457429242
0.6758191100103544
0.7746002867625614
0.6034512574060558
0.4399694700725074
0.48276872892692524
0.4775796047882567
0.4168635692129855
0.8526904984687895
0.7643786057034972
0.6335030720691481
0.16820658599233795
0.270071461534388
0.07694718909836595
0.36638279805253204
0.20577195630934408
0.37491649265070826
0.8949091140835101
0.6337508535383259
0.3484352063846585
0.3784350056619106
0.7927842218877457
0.7190418556610536
0.17896428973128353
0.9148403082027828
0.5225525841924462
0.6289590909544395
0.9943151434833856
0.2267896799789163
0.04648648326694327
0.24012642976669796
0.9306943356641875
0.7067609424399269
0.7536605570015705
0.7160127320306137
0.5838225077560302
0.04583763077857905
0.31991478386129957
0.2032553849048072
0.5232652292526514
0.8233754987845271
0.7604164605051116
0.7334719700772631
0.6570765595340775
0.3378207576205001
0.5919691342352205
0.3712400535474001
0.2999116718075129
0.6518502875520515
0.5579956504004038
0.15036470975434146
0.5507779916439794
0.9935559239664007
0.6488481379941959
0.695982904572744
0.05533110885684889
0.7202173840081983
0.35165770395012463
0.7381087172041872
0.04949871159259289
0.26234256875590456
0.05873539947915252
0.6111195326646661
0.3048169733093161
0.5951214805851063
0.10582232534975966
0.48086116892832087
0.45283423500902553
0.8218642886400755
0.556040371109856
0.07461488076035461
0.08402909451138019
0.07661408539601178
0.9614533054795993
0.007608086438676609
0.45847754026263643
0.4386296273192456
0.056507403870303285
0.4004796984730896
0.08961820224857842
0.4526216982508935
0.14887020653813243
0.010162821328435712
0.5943128735179076
0.1612824389287295
0.39053906674843186
0.41877238555431406
0.8182653001743972
0.6682392029575037
0.9267794141328498
0.7963418307848923
0.24555556836671744
0.9584034928729043
0.7323688257697856
0.5839305367091817
0.4836408175108696
0.9039837367613004
0.35387886784268663
0.5593625612008878
0.12171987417881358
0.25158312431148244
0.31343824371485873
0.8454491072833638
0.552954676056893
0.4292346255020769
0.04989859281064768
0.36684466625012846
0.10393182682308588
0.18998299754397174
0.33656279622961616
0.9408832424899426
0.45236140811165304
0.18750471897372434
0.5019711320237671
0.7955126251355407
0.8659700234485965
0.9225767807039899
0.8317773115115129
0.9802548104994245
0.776335749314949
0.687523861463266
0.5265758395587786
0.4472183839982258
0.45278769096174976
0.006690683679493992
0.9900470317516572
0.2941052805302192
0.7982714400018825
0.7858322914221294
0.25231040020024675
0.5258771136276283
0.8274246159705013
0.6446961940587783
0.5011569007152935
0.6662748050813565
0.22783045801373336
0.8601618669274569
0.10472272689859152
0.2751386912495347
0.5774137602787205
0.8420269039854201
0.4496475157981463
0.21057639407233608
0.07598478884394133
0.12702931242010662
0.5050533851753145
0.720922284961708
0.5104681051602395
0.06605711890597199
0.42604198247994773
0.8769460331502271
0.4806556241335387
0.01800697081729752
0.3924823550274692
0.4994731246360441
0.2699255656966213
0.6837334616293456
0.3949390714613238
0.053774965210242276
0.7239785407693726
0.36897412804213925
0.690165936437224
0.8438749498878745
0.13342344431184672
0.917764500485324
0.9366356939671663
0.6301854241926622
0.8322288319348319
0.25088510974446265
0.7203830867267206
0.9917601069598189
0.9557528338534895
0.042198971103208915
0.31067016595305685
0.21454527601997853
0.8004259163919929
0.9784602956175628
0.30473431570204756
0.21233212337222773
0.016729477806638027
0.025387637652908746
0.45736461910628246
0.3752430509324688
0.24682253624484063
0.12381189973379259
0.30803382155755765
0.23206547401750277
0.2590661925953739
0.2854887129395318
0.17988901091919607
0.9729376621837825
0.8669004537671198
0.6022886996354414
0.8228223702146736
0.5061120695963184
0.730351866946814
0.8119030120980915
0.7648975689246142
0.9883340371208614
0.1353939338144564
0.5992392328249697
0.8548128833292219
0.7744383302479008
0.4926808638937775
0.27975466492656054
0.764453884269963
0.7090269804742168
0.09692193573278218
0.7235677428733032
0.9480067580913482
0.666518274411049
0.9659313319194318
0.9099844094039882
0.659494600416721
0.9304116278177769
0.7459648784515575
0.3736698792115617
0.12555996262708735
0.8043883991556983
0.827961985754208
0.3129111060725379
0.0690284648739864
0.41881428703662194
0.8333484756875321
0.6064352538539507
0.3996456197310514
0.8382073622143213
0.5492407230078086
0.7648384804355276
0.45913079428170456
0.38968020733256326
0.5687060898202091
0.3576965587998314
0.10004062625068189
0.29962363802371805
0.27502551814303033
0.3020912293527278
0.4027518201151816
0.6178415031634962
0.6975724505001111
0.5028122041745187
0.3174430189316303
0.5494848495621465
0.6184445470616915
0.08503043988393122
0.8579557712025447
0.2278557183497374
0.22960508682068026
0.8022528604410468
0.2555201740572849
0.058802783760500854
0.26345634376586546
0.026567048982053088
0.8098379729756869
0.5309920047197444
0.32976785675767384
0.5099864395362734
0.12631179540472748
0.6224304679417227
0.9392733553256978
0.9157260767775953
0.03566729466914764
0.021836750416701856
0.6407430414800743
0.9679841234867255
0.014869490128320506
0.3644464007556397
0.6708347836192926
0.8391618881231283
0.48908201324224443
0.14713051423955492
0.694158376922575
0.19083239495174165
0.7139021916584032
0.38632669780158324
0.2913309079337181
0.9469286500607612
0.09620454946635526
0.6007947195504999
0.5154667919491611
0.8778281466661388
0.18171164795538042
0.3988324622435282
0.09597832914805271
0.3669735666723549
0.6621223590589657
0.0036469219584349677
0.9526555997250931
0.8405538060917969
0.46622298647703875
0.0516802240381764
0.7503824115525741
0.9341121976398621
0.7089077751121943
0.9697697380683116
0.912273987991036
0.6926531227268284
0.3018765697560454
0.12078007865494422
0.48387011450523876
0.029260567938314663
0.9027549464986171
0.5551319404783315
0.011385667190012771
0.7752576590494453
0.9038130320806328
0.49793413377828855
0.8282694995950698
0.3491501747167447
0.794100630306922
0.26027624305289065
0.7346426247515317
0.87018077587575
0.8753604381333934
0.14043476035978686
0.12143207564265601
0.13016926903692383
0.3356518480630367
0.1840557912056643
0.12130411811301578
0.22809861887808502
0.15455524905402307
0.2167210841547046
0.018411512694749388
0.6328113136465098
0.38506061194117747
0.5708972241539444
0.6974849332147623
0.14991737757985057
0.6485670185467919
0.380741604976374
0.34649013404595663
0.2054604560499177
0.8638634375063884
0.5206326539367685
0.8168047123748903
0.856479837931888
0.05246344043744766
0.027001267527307693
0.40290272482788003
0.6785715257728097
0.464772625818866
0.969790222488008
0.065912915752105
0.4304315090029146
0.8268657872363075
0.07441251867960019
0.10180709388450127
0.18863782285000708
0.9732971236355428
0.9253869718505701
0.8793797838277008
0.24614696089872679
0.993991847853675
0.15390782108025425
0.317281271258525
0.11330809232283967
0.4835864106763732
0.7561733412785574
0.930454380335288
0.7727052956416977
0.790955750532987
0.4453780167359709
0.43342765136880734
0.10549032784573054
0.11887124297580853
0.2534178238310807
0.2788311158845014
0.30367385555622095
0.119945520618568
0.27937694306642546
0.944045670496456
0.9640134268657963
0.13080658218910035
0.6987008248487641
0.44946123287733164
0.6883089392051761
0.935930134240531
0.6665700809189105
0.504571755374564
0.5332421352816685
0.42962061313801414
0.5744616423213051
0.4710062279827294
0.4512442266958845
0.5348197892204809
0.25367622975687554
0.7378501889343954
0.35386658726617126
0.8627366318814397
0.9706088752361054
0.1647850877389213
0.5070360286525339
0.7924826708387076
0.8444253232932534
0.24236153399671423
0.07681785321655987
0.3910947579585655
0.13157606830557855
0.8396177673098991
0.9905373278318065
0.4535725830065719
0.15768740955552785
0.33070952381895646
0.6563709497285068
0.2739350468232903
0.45898034375578656
0.38014205342540786
0.9803261869827908
0.7449977363959062
0.668827316354387
0.8902229000445152
0.7557472853234194
0.7870061627203085
0.8719179041879369
0.08280923843986931
0.7416114335013416
0.6882525948422836
0.4927153027011606
0.20552019717141679
0.23817423712825947
0.8592374782225225
0.07346920097055587
0.5717392102945711
0.363952202665377
0.22896475544565698
0.23812267107266394
0.18765586314718408
0.7140266417514188
0.9552545927365412
0.08550883254156594
0.3132326065649951
0.831733459061217
0.20525690399692853
0.2411925611766319
0.9486481025210816
0.15231228166042765
0.6970245918800231
0.8997993316233789
0.07702104479395966
0.8873261178744948
0.8048748689938131
0.13695863629688232
0.9358250885062687
0.6397504538493884
0.568721537137508
0.7186304453749074
0.09484272012751649
0.7356811661141849
0.7936453572409587
0.4120197870911214
0.5628437717393725
0.4663601374500105
0.22621999987289132
0.3142918487362739
0.7234243356860216
0.8940286170579109
0.26951029568739804
0.9448097310502291
0.20298185473417618
0.374362955212739
0.3889838045734273
0.9817672293144477
0.4031849789192077
0.2529475163856908
0.5326072760302009
0.7226522167740266
0.7836447566287319
0.2577833626525443
0.10862224108810958
0.38556986156947115
0.7076841955699223
0.20746758831204282
0.9376566491658681
0.6441273916469251
0.2478199760931209
0.4177971201566354
0.5853994979465532
0.484194920638346
0.5423742334646392
0.9293847972071766
0.34091583032674566
0.9592454708651651
0.6117911929582714
0.04972542363311672
0.1056826253918598
0.10116523325978666
0.9923303939541778
0.6694267239187951
0.6547978774992311
0.43120790097569495
0.6389446323417192
0.8840672511176475
0.01849440242446654
0.7921900006014814
0.670801989388523
0.573393352945628
0.8014568182729721
0.5530623088164606
0.9740265849021104
0.7253306978371289
0.40531023153320667
0.1079802050148514
0.7172906424911374
0.7820078352735438
0.77089888639806
0.2917722878675818
0.5065571500091851
0.9757179936678751
0.48685532323112735
0.8067806623481537
0.140105810437262
0.360512111150876
0.2627722801231521
0.02518132899824732
0.414483260253907
0.06777218299720011
0.8107153705814176
0.8110581956838516
0.6773888649858535
0.3646057413671343
0.5803644623271895
0.23165425013677077
0.07850424439971404
0.2899269615264223
0.41077870660621973
0.011133110018839876
0.9681222749778612
0.3298894979217605
0.3521266842809878
0.1363672458878178
0.41248671834452133
0.12239905596442369
0.051144016469849785
0.5752658715462297
0.15600573631458248
0.18550857589154945
0.42611923705752297
0.16880535080557524
0.5954878334150145
0.9229888093480665
0.389506257446129
0.3521151510162869
0.8837879350402077
0.756683741926997
0.2090528910338224
0.4694087831049073
0.09432155482580507
0.9380163605258784
0.13057651222831912
0.8681143077409704
0.5830040882991667
0.9142464232633788
0.8330806628183873
0.6547994143960233
0.29895340966337025
0.8354264412491615
0.10920442282988563
0.6849971091365848
0.18263486926070005
0.8818377754098292
0.8737545019050161
0.28782026868235644
0.9570729868060516
0.5694351680097913
0.8438415407729005
0.6349714843403439
0.28847984955788664
0.30768611588310746
0.2365021536954235
0.8752998548643344
0.27850463645194345
0.24300843379074288
0.08578944163242386
0.3957146358507
0.7370796400885555
0.69450887369861
0.27072254960782716
0.045437523020048665
0.9174510699006456
0.5210352086793836
0.6115191198181653
0.12898237975036175
0.9481859616428915
0.7394757288470699
0.08929984935835633
0.3982107640759679
0.42037966680359906
0.1167068055917242
0.1785438068576326
0.7975704788580027
0.42693463640799256
0.6832373508418214
0.13106930818837026
0.6281279364005616
0.7685981197936955
0.013283249850769563
0.7987210267915508
0.8001604158240916
0.36861386257978634
0.21083195693026102
0.9211945557077152
0.12481705430696421
0.45151164424589463
0.09088404696852093
0.26595627999662885
0.027265802722029497
0.3540751214170229
0.6380997641294883
0.32105378467092316
0.5529707870956261
0.22816856191661083
0.7180665269247792
0.9556253831984267
0.12708859826522578
0.7114477706181513
0.532350037027782
0.7500596788147953
0.8744785046837097
0.20267806672277255
0.11398182935365275
0.6163691876075622
0.28509736647181416
0.5009396981448283
0.5781664512322161
0.25754521080483417
0.15327337751618997
0.575984905314672
0.8149497814157601
0.13614062917921343
0.0023202262673420737
0.7621400198458658
0.4004981089847609
0.2864791145874559
0.21308256726827257
0.9537272781329289
0.9478778448527856
0.25685412029456367
0.23748941230174525
0.29890022479679457
0.19233194437477918
0.43931052147778926
0.036802533554646355
0.6259724026717711
0.38227148545578393
0.24703402308570632
0.33996304490748275
0.4524388781658144
0.9304943877829707
0.3260863111071116
0.7589773772232439
0.6210504123768432
0.2707109468194471
0.3132726213067405
0.6774209035272637
0.6420436909527157
0.17019829171987377
0.22424821381313398
0.45485760171186795
0.0626384812680918
0.7775418656278199
0.6040701667314871
0.5611183737641909
0.35168535790276967
0.3958994537203827
0.08314130786571561
0.1919767179237255
0.22644419141211758
0.22238108815494362
0.6875036425688476
0.5946065876646129
0.4289054353083639
0.258608296012362
0.8882708828521606
0.9317443751837252
0.8681670706082354
0.726022773514738
0.254846287650908
0.7153094396099655
0.012472672973179
0.03472935775678998
0.5674930751684006
0.8606323644750362
0.9401888521224998
0.6457791010331844
0.9616701994164112
0.26098707439808955
0.755521470642473
0.33082780074976126
0.23839702762034787
0.651030081023617
0.5879127770850033
0.9696363816036359
0.4779878490341859
0.8901565657925177
0.27146134681742007
0.9086250433290539
0.6054799255198038
0.5461227519175993
0.4969827376149263
0.5903702133081582
0.1443901877654108
0.8951544995320634
0.8840742855148809
0.7308216659051339
0.11130004673445448
0.8034808138187011
0.3548083013889345
0.02719599462424782
0.02703107355193335
0.819380137453181
0.798999913671168
0.48765997553992557
0.9418007175100247
0.206151294553939
0.5991696772849116
0.22337088504207148
0.5130555822115326
0.776859811386375
0.9348703361275242
0.5312355269041155
0.39627988095564337
0.2250528620981216
0.4955558041344271
0.44460296043919634
0.34098486255666216
0.4934422669793149
0.6677257615081054
0.15139375432760727
0.6897789377268936
0.7216124855866611
0.029731417174171382
0.8097128134155768
0.9471066827865424
0.8436638089608973
0.8790193573122154
0.8240919452442285
0.254374374293695
0.7871869749606462
0.7730755289203725
0.9763327228393008
0.8374488727473495
0.575341326549557
0.07716986762168943
0.6569464216425721
0.791011014676818
0.4735270310889338
0.10536721829509355
0.7174515289222306
0.6816750665928255
0.03538036682539669
0.23708181617752888
0.5634230166863986
0.7423491412795785
0.5725151192007768
0.033009516860514454
0.998656238269236
0.14923261153500011
0.9650929739904837
0.47839329915586304
0.508405788767357
0.7593928345559124
0.6205876498707393
0.5255474665000676
0.20438766035212497
0.5354000991334035
0.5064102703744762
0.7661634144852562
0.6734357759146682
0.9625138036503115
0.7801463649817472
0.06523456344290823
0.9903535242246462
0.567000207388522
0.7445767468677957
0.6240012080893862
0.8453320113264051
0.47143188567367567
0.26841026139259505
0.36958576302390933
0.2916226392693053
0.30077895562244095
0.11108926721546941
0.2776786887756322
0.23097827997179077
0.5112340495308293
0.3252475433829366
0.2006354248161839
0.18771136494371576
0.4679511941914797
0.84186624532088
0.007357882974426744
0.42522552429204685
0.14988681219054434
0.2858324739180883
0.8875214220069635
0.3989249977782753
0.5880652718959847
0.5776909977001188
0.9953024795481834
0.439249015259466
0.6365455448192978
0.4964140103638298
0.06950002868558891
0.1926756640435744
0.10492574929215359
0.008065481172805922
0.7429963892519099
0.2892637339673393
0.8265902462791102
0.7045564254076894
0.3777935074384998
0.41059176745985904
0.1988590760357335
0.7056573808619364
0.24963918369157045
0.6958269095422007
0.05191421777759242
0.6200711558118469
0.06828188046563322
0.3951381603767766
0.0922522955242161
0.4835081478394082
0.9058811815918132
0.15800187021565582
0.19744923973350348
0.9092106505787058
0.9607767037732965
0.7617900553149325
0.2916592469727296
0.09480119775778473
0.18824137986529632
0.6567293264680562
0.9556645895458505
0.359252291069149
0.7730129281271937
0.013250391681198792
0.3484739668889827
0.25608032908509304
0.9868478721350437
0.4933909112350837
0.8446748294823129
0.5187094949533148
0.9772445146916626
0.0841284954340249
0.8206262270337361
0.4222547547730864
0.8913732031627443
0.48955403095361394
0.0024760679097557414
0.4956654760183571
0.08353454092653012
0.8731524475681567
0.0171880886453617
0.5095455533135564
0.5295340761654634
0.2600873693434611
0.33329527676154913
0.43479028367375483
0.24116869831145304
0.9966386965481937
0.6530052760699189
0.24761608716808337
0.033618625873458985
0.326412299334082
0.8983146730597329
0.11964714867284798
0.9112037137931598
0.6477956484964047
0.7376995783855904
0.7435035391623409
0.96478891211261
0.6146440132016161
0.05027689372043209
0.5902532624608666
0.23283075821909505
0.6680669149287838
0.6251042515658237
0.0817367960163411
0.5424458007351861
0.23971291574152354
0.6778717305775958
0.08065045403659454
0.08289129955211294
0.8501380771177666
0.06474865201640323
0.6556863038405523
0.8855751973001772
0.7616161363966089
0.4854738149439386
0.7519722218717305
0.7858056775798522
0.1888612766619172
0.734952316912876
0.28677619296435897
0.5404281716862416
0.4510651314682945
0.41959028514491015
0.09373878415739212
0.6895901212885007
0.33943827234962365
0.5485829562527124
0.3586004363141806
0.5712495312495478
0.3286777607007687
0.12493704066786282
0.8852392416413211
0.2989109533051073
0.8876190446022908
0.08421038532047975
0.5802606675743295
0.5844726553950638
0.35572033492672517
0.38656216840527446
0.9545906791409495
0.5236205013665094
0.8413330921621295
0.5179521776278591
0.6711057669448265
0.4805838383939174
0.3795357154016922
0.7967040596285104
0.4261790851050343
0.8490806452634315
0.35400321742267804
0.4516038055321526
0.2836271537949281
0.3766362377775351
0.9261274219983068
0.30526535540845035
0.723741578778535
0.6726342783996617
0.9665002309382537
0.8243174896926796
0.8178282057273724
0.6506834514188307
0.8444383930806645
0.49325825417669267
0.7956292810042095
0.5930573297534191
0.9602325319005597
0.13649445140576255
0.5155259237607678
0.2657197115084171
0.510863406563152
0.4003367309857845
0.9997576394818635
0.6306145632199077
0.6742810241219037
0.6939005332855329
0.14673826571070836
0.2803460113017242
0.4372378450965647
0.9656449911873047
0.3620644847631296
0.4082825891627857
0.9718758108413478
0.2565076837522945
0.4777623396126066
0.5896765936789162
0.46178368732730724
0.8497075425065043
0.3152148224854112
0.6440867833821412
0.42812321503377015
0.11892691080037665
0.7686611973123335
0.6980376690905904
0.5153170471613246
0.13296243390011442
0.11522961622062933
0.17670785346650653
0.1821490194701505
0.13031134874638073
0.7832698824008604
0.42252048616845184
0.37141785038573805
0.3389325216469703
0.29139580607018856
0.1564396247649077
0.46263853782229936
0.5563160569076264
0.3381357387118624
0.012093284237072566
0.5101505853344377
0.9458925010731857
0.07073180603203977
0.28207497636917056
0.38740364309952957
0.6136086276075831
0.7521096632077033
0.09010719522998534
0.32760119901906104
0.2165361723452649
0.7590778674866052
0.8075130895795726
0.7551686390935275
0.3200241321984181
0.41841130388575765
0.562397018476948
0.6187922349137837
0.6774337982195887
0.6235235735762972
0.6177109931970809
0.7459605280429764
0.15631830107706335
0.05343046435575027
0.4030481068395848
0.42761487102081885
0.555478746748369
0.34154683037193756
0.8372421544123105
0.6727179667663419
0.023435096388727983
0.6432417417030633
0.26825052141392025
0.8485265000745398
0.8719191844451538
0.8192188996524732
0.449387643166708
0.821979400283799
0.49359075564620236
0.11292253648095374
0.8611938515110867
0.6793202741210933
0.9555329923176694
0.49372883189192207
0.3528097326051174
0.4326275236719622
0.17791764494356688
0.7586335192102918
0.21836480000989222
0.7374849269117447
0.904990032321396
0.10160146631563971
0.06162704098400851
0.5449661788309532
0.4475463412674382
0.025225540849322936
0.7350499423716708
0.4746648585566664
0.5892185109561876
0.90747135608555
0.42111802319916825
0.29217797489495156
0.7821823799395488
0.5116270635464537
0.02202909114035345
0.5346666388801355
0.35189228871707623
0.14051699563298792
0.06024726008160053
0.9077454862819371
0.20540338524046353
0.9111462759629555
0.14963336358337975
0.4896851738101111
0.22641541712937596
0.668819659777314
0.7112166202463558
0.8757586673066284
0.5485167975257539
0.34517172955708053
0.1030669645085549
0.6649432080444525
0.8876558573145302
0.19254282163345748
0.9537097224516977
0.019542865755369565
0.19378070680659754
0.03768461704011794
0.2112097856562163
0.9436801078908975
0.4412642933840518
0.06284768964535925
0.1396016370063915
0.7266775843385709
0.14108514512468617
0.13611747803750873
0.13785642145991173
0.30592855399468877
0.4114112249855634
0.6967190423329587
0.7151945472551176
0.6101293795702588
0.9945848317682491
0.6674847882042471
0.4917271306109996
0.9580296420454456
0.7483077535244095
0.29771445858879964
0.9649655907125195
0.3052049532241652
0.7327103145621373
0.8208050045718307
0.2632322536205258
0.8954040835243768
0.6797757654358513
0.2515419910413591
0.9613712774414234
0.3050478801187043
0.7996958364629563
0.7860590082372713
0.2841007520557982
0.9265758240710267
0.08287759722849897
0.27451452776897056
0.8385290130524472
0.7645494779655737
0.8257720924821442
0.9696952394164707
0.5389787763473335
0.816029678251967
0.8868469008149994
0.6203908879629394
0.8029865226991381
0.7136788428707388
0.2426161252720681
0.4572639621047315
0.3329128606785361
0.7447101443771307
0.9328208512374745
0.8111104002161955
0.6654889449311896
0.7613322317240528
0.6626783073092741
0.9441136528125298
0.4066325415381504
0.47131689028951396
0.9553891047917725
0.8812272610552854
0.14829758671136017
0.7786295285022231
0.3378665969215122
0.1973508917060024
0.8782766442994583
0.18490719233420283
0.04483432450814684
0.26918715935529747
0.6615978203978307
0.5434878700308904
0.536489984553234
0.97916662880386
0.0011876729274480358
0.4199957892171574
0.3734790073425234
0.9413623111754795
0.7395112449370888
0.3168010651923675
0.09861210459882552
0.48303714095974615
0.6929379809878845
0.6592651262707876
0.7142604912210667
0.33296615413877007
0.9891822231333387
0.16713979614979335
0.5820240649531186
0.69855448943577
0.6308408720204348
0.8556011997507296
0.3874015664340854
0.23108125060742735
0.2598882671285745
0.5181770002199342
0.40824126364684177
0.4968543086693742
0.891991375975771
0.9464058745109427
0.9601717503893012
0.05251252336689316
0.11778954588468782
0.28094452563769556
0.19596171430012
0.01670746402909673
0.6540548357715498
0.4658802288438094
0.5000669181760518
0.552152657840597
0.13715318235864427
0.21665760377009358
0.4351948661016011
0.668839289079143
0.2928568790831363
0.24494503675984647
0.8522527658504685
0.8301952507398052
0.19714863733749055
0.9703270461501294
0.47146491379477296
0.8061481440960397
0.3306520301559266
0.17685993491155227
0.3443097574971503
0.07355801553116204
0.04360971288912063
0.8339904439656626
0.19511824670228683
0.23156272725195337
0.4217837870442973
0.1458062840756874
0.9078339338326479
0.30251442705388476
0.8016569147178291
0.8724799018848459
0.9713735561995515
0.9885834161069371
0.1484059933410855
0.7281069255118275
0.35279576413492386
0.3873493740162134
0.9041123784811895
0.8590746966432526
0.5038746260163158
0.9523967309036814
0.06421449935796808
0.317832342966876
0.5222647601691738
0.1787281222883893
0.24631971355618487
0.6289626461771974
0.6411115930350262
0.7041192010200171
0.46350910855758454
0.5257715030819068
0.26432134465745327
0.07261505389839018
0.12640773533087057
0.9751357783200314
0.4614555357795259
0.3270700646882112
0.01215884498980524
0.5611598406501873
0.6871639699413429
0.7621554999989579
0.1739760011471293
0.19703769087272982
0.9278810728866643
0.7910086415983788
0.7656553691184741
0.1870765093671496
0.6605038449613105
0.2949554898150457
0.5098097388826605
0.22014082466863039
0.5998389628695233
0.01369796086982078
0.7226078826803874
0.9440346416899004
0.8405637591101592
0.8742798940423524
0.1642450331863875
0.9847263082238018
0.3982103376880971
0.7831027350178825
0.9601151037833422
0.88745193410194
0.03349812287094667
0.05340247733639625
0.44879484961935545
0.49834842897696774
0.929541851686427
0.29163584521872354
0.09568696884162242
0.425606542579934
0.8599124367472096
0.973016273878191
0.8719706132526176
0.13739486091812625
0.641673219354112
0.42624477099319436
0.5605193900558377
0.4803377497843264
0.21940273767516028
0.2017241736319969
0.981806784587124
0.48561816858697815
0.6514864536459255
0.6881031228897309
0.7726530694059752
0.11748968341535015
0.14066520858692444
0.7134994509136429
0.011897773911651366
0.267235346958026
0.7545675303401934
0.6371540976296775
0.2564187957281494
0.7626677640913276
0.4918669139678288
0.3553661097491744
0.30719734455280523
0.123043571301233
0.12245153532709185
0.9863957333824617
0.44290968164972955
0.529842629751975
0.2764132106668461
0.9340855040382969
0.01276914729384171
0.7216939457982081
0.7465067043885313
0.14780738654900905
0.025278667779920716
0.938454417383886
0.38226371297633344
0.6123791283440576
0.3605490701619035
0.23548372443351195
0.275310670086789
0.44769932912136634
0.14316964850089242
0.07943745141632463
0.5074423805060785
0.4511578169839704
0.11005950012879351
0.46420219343453006
0.714354388262502
0.1077658709216136
0.2573830476168366
0.957627528683201
0.23141572916046615
0.9156163701161021
0.7509276531150585
0.16142289918966624
0.10016588535721838
0.4669132317435898
0.7194665265301301
0.1535640767709524
0.013873697064768487
0.2706205534597944
0.10187496608670155
0.8758002625792648
0.6160789485154015
0.976807977464385
0.8714877615347626
0.48991817711358054
0.8285515833126428
0.32099466778903185
0.7974385868629291
0.9208430890262427
0.5970024735359677
0.8372865617497467
0.25041230868611586
0.8899777609177056
0.535825799040226
0.5560238840147417
0.9797906494360085
0.4685636150467364
0.34188625642547044
0.6516794350167926
0.5947322429903252
0.6590959141575681
0.935001852913503
0.40160075610854207
0.7833711320461125
0.8135999606933468
0.4408712307884265
0.0015875465141472755
0.38456375567179524
0.6970285783480674
0.5540606549907897
0.4631697702398918
0.0707581636128054
0.11011302372697651
0.42816632798726517
0.6230388725364413
0.9531590358812242
0.2526354833238369
0.09239677490567355
0.11071421847793395
0.2956868226266103
0.6084931412644192
0.11240034069071003
0.1001040466981209
0.5621070411438261
0.4903771887644848
0.5297698127671672
0.13251234700028847
0.1266289269630395
0.39915428931973407
0.3995520565718489
0.04796720399733123
0.6714782345011857
0.1578140396852188
0.03683004306614612
0.27958678610738696
0.49363324476293635
0.26817722972688696
0.1917188420302458
0.8219747887652905
0.36545730151987377
0.023681152759682744
0.30840293133763663
0.9456941467526621
0.6856537108145829
0.7839654958169973
0.4553468674411443
0.1622470718758522
0.3093955102873893
0.019881077478500653
0.06465939970174728
0.6277218958621732
0.9124066904892503
0.3075206948758781
0.6008897003102925
0.7970716391607043
0.5694148806268001
0.38164755075919987
0.645223386763696
0.41319406156437677
0.5100353544682672
0.19595257659451515
0.10531845189391198
0.024235528110444937
0.26137694791261223
0.718787172139506
0.5545231515389973
0.13112877920713006
0.5885694392490572
0.8283974507803792
0.49221438260991357
0.23672601413877203
0.16528129711163186
0.12185222025598086
0.1275674147765159
0.16435861259545648
0.1964764025378355
0.6240391557755776
0.285476533844747
0.33473279505760956
0.9817559013692493
0.8463743098636493
0.5411634467155613
0.625039795474752
0.3680445038802457
0.620223759483544
0.7325796941428622
0.47732637892005514
0.18444561895964828
0.7286673196989311
0.9499922222177168
0.2147058391607568
0.3229454947113193
0.4248769735564901
0.16795258766177523
0.3410599559439407
0.42777494364404967
0.7395247303219653
0.9913280953724234
0.9796514456637027
0.7900811445457453
0.5340685506775529
0.28868221479648615
0.5212326974069045
0.1723366311417539
0.370196253244531
0.5769661152683069
0.32055691167867806
0.15470130370853408
0.006320716100275403
0.46077711296711255
0.806396916659303
0.3075593822735323
0.5503151448027517
0.5749094738857793
0.23450028293542358
0.3018982499988552
0.2017602858993729
0.7357505199461571
0.13063194723191007
0.7433942329646789
0.32015903650708744
0.12781524661438137
0.24850612543531725
0.4148336054005425
0.8080704586946437
0.1648340620073433
0.6641311544639645
0.4324092894445548
0.9515235215934232
0.4342235784783699
0.8407717542399341
0.8632679779725184
0.8329414913726327
0.1717176836659604
0.0660397283233276
0.24600059566175314
0.4834399600178131
0.24421897786781366
0.7796575894259246
0.7208104053240902
0.9729668933174579
0.7068838326770098
0.6114683865441551
0.07875568364138841
0.5108957702660002
0.7617786566214941
0.5317624291615453
0.8147169036863747
0.3125096785768572
0.9508508001431863
0.9950454712703474
0.8005199888545599
0.913090708575357
0.6049458111621802
0.22016402974690852
0.4255478670139794
0.3015652865873748
0.3320130022543245
0.6050243360041468
0.6500347278913632
0.09120173420985556
0.6360640887929492
0.2730604665204246
0.6091674493207049
0.9433740748026771
0.2436121886022754
0.020336739755875355
0.4152505430779493
0.9461112972939542
0.34669122915524564
0.6508760621071609
0.9054275126462262
0.5221194302021194
0.10652931348506078
0.1269544753953331
0.4933626030162118
0.34338807143144645
0.37718057125784255
0.3432187411859452
0.6489877121543184
0.5485496652882649
0.8777509445243755
0.46267833537751524
0.5534289078076537
0.31739739594407934
0.03506710503645094
0.5515686009383509
0.8353806363800096
0.7086537649541362
0.7755104181086575
0.9498343508795445
0.6559498377885099
0.38795834518933103
0.8682957067705098
0.6633817539866393
0.8272428139432011
0.08201664818920318
0.5028979940141335
0.1997438103151492
0.9259388917842928
0.4336288971665876
0.6356773782978951
0.6505435708796862
0.06377491584436479
0.6731808492067549
0.007041929650894008
0.2049973425475119
0.7389942266625998
0.036685935717832296
0.06079859321489012
0.0015803978681437902
0.9266291211083489
0.1373407124780176
0.5476295846597921
0.10320831497294103
0.20237136079917473
0.44326466961576805
0.9628974703182946
0.9867633310052468
0.6421690497333029
0.8592405304498443
0.4240052703733178
0.8828262420722943
0.7328814367667864
0.5514717580755527
0.17843703585825865
0.7754800171245719
0.8697204529353973
0.8834086884898876
0.31677194610619497
0.5532620509323474
0.48004897669673796
0.354586287699015
0.24106530021049843
0.5280509061225939
0.7004198167369119
0.842327899397897
0.46362509545266606
0.6495089798082496
0.30005584469969004
0.30295473703547793
0.9291576427729724
0.006266349565072105
0.071611515207326
0.9263449619674731
0.002042499656400576
0.06629770822318637
0.5601955237068883
0.20306139216500063
0.6472799069814958
0.7037498228382444
0.2196701327075995
0.6763849556174826
0.9985041784833725
0.736279113061793
0.332747511443079
0.14695753090864372
0.7045503260226772
0.7812753688271254
0.6053585078820323
0.6006943994476945
0.46944020869132597
0.09714010114086546
0.8428699540239436
0.7351784574345787
0.3591791529519588
0.22338636654422706
0.1113102170722704
0.12847017430983676
0.6918947588073365
0.5701713763709196
0.09094399355151572
0.15845896701598572
0.7207130054963988
0.6354889765181165
0.2726476207340066
0.7605732011853218
0.6740429348026222
0.3997006171176085
0.14184886481457226
0.39893557777709887
0.6866158197211911
0.8485734858246311
0.31199492372522264
0.27941202864747305
0.6387810627988825
0.9782282093288689
0.2618124053928844
0.6998347142723959
0.622665252689452
0.5434672006126455
0.19071673185012117
0.2743858298442252
0.5712864781184819
0.3055735443965698
0.8066243585587392
0.24408912889976475
0.030727528144025795
0.6172355874895697
0.7704575651181387
0.277196641098313
0.1451468814228245
0.24811450992343154
0.18152805512521997
0.7848483183422307
0.4520187297617043
0.08648105327925626
0.3886662204181687
0.3325883309630381
0.8001497414967987
0.26066585195243663
0.5920258070006205
0.3657859391102022
0.9869684632912326
0.9767598182187773
0.5656764999937608
0.43888545666331236
0.6567573020083184
0.43484383655986936
0.11529979399929735
0.20468666026725724
0.375347294068317
0.9403927866833246
0.8115719277804574
0.355313494613822
0.35624540311297126
0.35972436544303066
0.8142989758143505
0.27791645180101254
0.5333234829433581
0.6985610328798861
0.4394815482277922
0.4565088737257882
0.6551697524162745
0.1332312591792565
0.17324173743295956
0.15154638516082852
0.6110589290915119
0.5942625339681056
0.6473288149827953
0.7965795409970048
0.8398167794713952
0.8307367882852698
0.7030093704517062
0.6681299739069345
0.6540691451054655
0.5630401696945585
0.04567468716105638
0.3891694232113888
0.3319686110681421
0.25329873308557105
0.0070206127621577075
0.6602281817817724
0.34414839159044064
0.028587577882801418
0.5978824832773775
0.8366275159443959
0.8229374330105298
0.6084710560682679
0.8075656910320657
0.13944850246910812
0.8001525255469378
0.33491676833857376
0.6836545899907518
0.9561724211492426
0.04842389830059113
0.3014517174146436
0.8200762503507439
0.8518360924104228
0.8813086875731287
0.29264191570916576
0.3750017392731758
0.7680856013742908
0.47863220490586544
0.7349621565583024
0.06970028298901343
0.4419528563327455
0.7976526648977671
0.6328065145611771
0.7043478597238696
0.9655436212338001
0.6684710294566254
0.9541227184630606
0.01876359968195629
0.39468084514715285
0.9097656101754376
0.7421810558836268
0.868915164984748
0.6519206437991368
0.40824983230288425
0.7342576616544164
0.8741031117760723
0.8037435750764172
0.6699265833998851
0.22701057061745367
0.1778683204502619
0.6992908294522809
0.27318810426562734
0.7218606200909993
0.24665785018946917
0.18741298252023075
0.3157128176681333
0.6290780560346655
0.2836039355267339
0.9316153571594943
0.7657658449877951
0.23833149542040222
0.04734784196228792
0.790567301432457
0.3692263426526342
0.45959802911175973
0.16876047327900612
0.8825204019735192
0.49468396251467595
0.805712084191341
0.6551738170566896
0.526607667339497
0.13860231174930593
0.855579189894931
0.3988776827826156
0.4756883818349771
0.7910644919215296
0.05180920167707903
0.5989658692062508
0.5763828367967871
0.10250060686930862
0.2201875043632464
0.35195530040708434
0.5911852108677235
0.8692872249080884
0.6235282928694552
0.013742168143577982
0.2348649113240604
0.8224734307058157
0.19912016651610365
0.15077585060918974
0.11056336859286653
0.6821803204273434
0.011476479668729889
0.09226900171291075
0.3545061622323551
0.0037008310227867325
0.8748544026938805
0.2762480761498378
0.3477010426378442
0.8626619682891209
0.19522496950460055
0.07601512929259535
0.8566583514707722
0.5581025090838537
0.07954668025498934
0.9644838904529466
0.213618265427723
0.33862965372477105
0.4767857396350904
0.2040180753131161
0.02926834676886536
0.11107395234956075
0.48134070621004077
0.6770375185820775
0.8270668892036215
0.5447332444434182
0.11897275755508174
0.4946726323071079
0.12526086072581855
0.6795552447459513
0.12716501666093072
0.017386822545059633
0.6743285456142754
0.5133474620053939
0.39035998090713964
0.4498622696548149
0.5277346035951269
0.06919257824838221
0.2522170533317756
0.12584664027955939
0.22302084572765424
0.7940715404861532
0.3591068418176455
0.20190343609732153
0.4109707627745518
0.21721543126073595
0.21980783287745065
0.3914797444461988
0.19418599978115436
0.13108229086666368
0.38970003665289665
0.9839593531091145
0.4137984793664886
0.5057691067575031
0.005730463090690918
0.14387359258079935
0.32363215828289693
0.05883789520844218
0.4731930793957818
0.5220052044288885
0.44932973808301746
0.481069305535037
0.5911047935137832
0.38078361429726715
0.508411798148
0.9081730313999414
0.6146117730902746
0.9175478430780609
0.46682414593202215
0.38719389923327996
0.5365560754585474
0.06782744712508104
0.3175025437435455
0.9531742915110916
0.09903038584184676
0.6162401804196013
0.21930581553462525
0.16068020257988558
0.5694911161328023
0.7000893344646533
0.8082836210673607
0.9922653205302064
0.9691331235185945
0.3564298426228739
0.7398999542913064
0.28041772217698446
0.36528341531825437
0.8107464206355797
0.848036672173667
0.37589661014626685
0.046865103092144644
0.6338216278766986
0.7463531204103871
0.5002848738027288
0.6396359736287813
0.6494247186548405
0.23776163755093616
0.30945131285785943
0.9283396264186062
0.5086826224108375
0.6354884340144498
0.9304831705926271
0.9542201583464618
0.6599743358520246
0.2739897926128313
0.24510208829631208
0.5333893554958469
0.40099483978568895
0.6160248833385631
0.5227635137290865
0.18390531705617408
0.4032326426581956
0.0666156088698806
0.8543926078295646
0.7858516492534223
0.18193814761365745
0.891562383299277
0.16373127421955824
0.9170956684617199
0.4536809388642744
0.4741900954282656
0.2583984641385707
0.7412010521138412
0.3255625734073626
0.43060983368491357
0.7674604436566809
0.700755532273493
0.919760170035203
0.35805517939921183
0.22249971670236124
0.18861913182574275
0.07075000575722379
0.8483038307989297
0.3411108379627107
0.3086776360175756
0.9734943968640026
0.32054479119363266
0.39929141438477633
0.33175151616835097
0.6966331909555308
0.6243907188326798
0.3265015262148524
0.75849603714766
0.8528749736974359
0.7602546037842134
0.3820018482500369
0.492466770284126
0.6135932294871421
0.7675805396047546
0.4978473888418733
0.912366816863568
0.8239430916854367
0.5794560677534694
0.29745089789666357
0.10408363128718567
0.6182351550066175
0.03941480260518626
0.1261996334239187
0.09877192519268807
0.08931779757375846
0.8737164785747107
0.7076726968620054
0.9432388469555183
0.9317533953255425
0.8895579472313436
0.12353909092907822
0.25827009304587933
0.2079966929892293
0.7938345170330167
0.30652595247894254
0.3230120742443051
0.869199086303752
0.9332865881811607
0.29583993865530744
0.09603253320396021
0.5800429620791622
0.25237728769906986
0.5969391601528014
0.11410230059443593
0.8275320637672455
0.8086637067284205
0.0743038347371886
0.9620250131094306
0.31188467900728534
0.10566064277695486
0.22336308151282513
0.2009601448745416
0.8023658199499665
0.9248514422066466
0.21700865805758696
0.33296099421980974
0.5934473698146584
0.27157412645864043
0.8927470786265044
0.46670525505533356
0.06521086248202401
0.3210370032964698
0.26957415857576184
0.30849267750148623
0.009551573471446417
0.6799843564373661
0.8641482024085744
0.28720792035341935
0.9350456996749151
0.9927094642171734
0.6542677160297192
0.5494142736357213
0.2399927841116809
0.7557121814137917
0.13942462894396135
0.7058167899808236
0.6519518893944861
0.6516232726717045
0.15246284949493438
0.628382486470587
0.8925625775922479
0.9845972464986357
0.65952514775609
0.7432479261241477
0.4988211287112878
0.11243486238525535
0.44532403784471875
0.34681611724116856
0.5301316050834781
0.261568782827151
0.6245357626479435
0.37420415736704493
0.536830444346938
0.9111671673280152
0.899505475264245
0.44202242614032605
0.9393194478046906
0.6127639219434095
0.022729469965384053
0.19128211096374215
0.08443547682842012
0.4537616288125301
0.8434625021937602
0.016687511132436716
0.5150269076225067
0.138894353978665
0.08731253559196905
0.29538512454676746
0.5116329630045179
0.7067850416811047
0.6520248619318586
0.04004160321600414
0.10251637226027921
0.047898921068010636
0.538903295080833
0.12232344763744474
0.02313779933247917
0.4159128983954845
0.5318551075974481
0.6414820626376907
0.12229804590717464
0.06585455054990608
0.027635611651339542
0.48326926487694566
0.6883008389502879
0.6065660671138621
0.8683442124953242
0.30686115400426905
0.47219392403677907
0.5174502444724436
0.9268442629990289
0.0787912280584755
0.9059329717698584
0.14828510521584437
0.5200993417290501
0.1460068677964963
0.22300464620754745
0.5084277764900101
0.9444197732667933
0.7245081417607734
0.011391496987960381
0.9535195778089495
0.7354340913732856
0.6340437150570641
0.26175379044602
0.021016288032306263
0.5140387113512319
0.4904790254287795
0.15012151710283606
0.8191343416864756
0.43190221931330897
0.11066006137933715
0.4696034250453871
0.15641099347707887
0.6521645519296043
0.4193085913454704
0.7609719469171057
0.3887398396540942
0.1906401672625796
0.21293498290073576
0.5044323265723323
0.9944044182722946
0.22354166427811828
0.6622432920418955
0.267769147967044
0.26437910590012503
0.2462088482257737
0.45293063684426826
0.7294841491507299
0.7155097259983677
0.6583699351391988
0.9450650266258904
0.39538035631017676
0.7047868470961789
0.6912588779022728
0.43132491001331885
0.3349545792324905
0.0017822017093745979
0.24014568316667817
0.6087624556183711
0.09821360593775741
0.290294985902954
0.8951774405066965
0.9410551696836476
0.650570984123046
0.8779390971623072
0.26156110497140783
0.9597445230332933
0.8314007184485998
0.8821497758863242
0.13261667878652006
0.8715179728882892
0.2241506294866753
0.9797277601517705
0.4025137962270873
0.050692871074350054
0.006965307082540728
0.8597145646822284
0.9565135768650357
0.5619646540467044
0.5970645858395883
0.36408329659365646
0.8378873282925303
0.4982450842592032
0.07653012979900431
0.6566400201782115
0.28553174431073114
0.5686788410445187
0.7251089519089615
0.1021981755847895
0.7107388572116043
0.7970768798890381
0.56385123233983
0.8304342400255372
0.2715445087380354
0.2495805924449669
0.7432129713360598
0.34906591510499396
0.3213644644425939
0.6240329613761441
0.6804224645109695
0.7498462198286243
0.22333517861523955
0.013765348569743208
0.9291997318322326
0.956918293384266
0.4988282818147992
0.022901186412678354
0.48330163235439283
0.7351863020566912
0.9445586247932046
0.5505869518513644
0.9566866224122283
0.34180186057116224
0.2186847888916098
0.428619772713948
0.6111746712366791
0.6121087276404188
0.4705498228536139
0.617093184469279
0.10906677639412798
0.5585467457523215
0.3846194332001319
0.2476050314824868
0.860209818576011
0.19711860044421892
0.7385452359727361
0.8323581156937501
0.5612941279860576
0.5280208436595611
0.5359555283807249
0.06196355053500613
0.6279707263080351
0.35848343014239215
0.8125688280479622
0.7999654545147534
0.4450080858240467
0.24242536014960825
0.3205276075764909
0.4691199148888353
0.9039948544416422
0.8369830930032983
0.6507217251598834
0.1829757820398169
0.6974775709672142
0.6486094591144201
0.5641607321418539
0.13289159352845248
0.8243426246820759
0.006773729517572269
0.20292504921554821
0.062455096289811496
0.9092114917899178
0.6332294632590688
0.7281718911878263
0.7660263655714681
0.39727871395026626
0.5156737368786628
0.23946621340522722
0.882682319485085
0.35104640063630954
0.14233063165724014
0.4155700507016473
0.32359013176984575
0.8194088516448141
0.10258320681008803
0.6689808767432686
0.8681589231130801
0.5417581169264699
0.3255046917783633
0.4623131752065216
0.40509228432852007
0.5860317606848146
0.7973644630457847
0.91216111084853
0.7894812094941304
0.9033324990106153
0.44859446821746807
0.3149253784735577
0.8185716202149008
0.22158078783929358
0.8810079495332613
0.8055505404934181
0.6429914026079863
0.4655627276155554
0.9003876877625817
0.34791818180604495
0.02486686010051531
0.8434730595274879
0.05767063629214264
0.10605232444334989
0.10430565165948291
0.4992072423674476
0.4352989268244658
0.39673513105694724
0.847201735048114
0.07330739621066218
0.2668898705939542
0.04433645883255044
0.2797498879852939
0.8937874558056859
0.6602808308532201
0.1186066470069922
0.7945156859907857
0.6882420305039078
0.07525631591554027
0.5236467880797303
0.0488489392498177
0.7401573177174685
0.12543644427328626
0.9031251894724008
0.9944730816863769
0.3377288925340609
0.8946295363800424
0.6751552330084599
0.7585611274973256
0.5221056153546301
0.5644394280926786
0.6959885274030835
0.782629863024194
0.5923146894293074
0.10873557514025134
0.03496044281116473
0.75222909081151
0.24457229606918796
0.4821654571176355
0.7644790493234586
0.8910780040107616
0.523948682897899
0.3143465836605027
0.911578649828797
0.05668200545887192
0.9437481175144923
0.3322366135719378
0.4813410891926384
0.7531262987799969
0.7626560004001036
0.9635156551945594
0.03355091548657618
0.26407927143363596
0.6699459037077613
0.34503020237139015
0.4372805107865634
0.8873747317869641
0.7023434065192773
0.4165756515580218
0.1297814132580447
0.18481943866867268
0.09189726123697706
0.6131082436794447
0.28351409792469096
0.385361042019312
0.5784742797017275
0.1309826541744722
0.06168736322066015
0.822443493469282
0.16859505261511298
0.7201190706810571
0.27363655324291325
0.5849904790316451
0.7955721632507651
0.7063515932226783
0.17094760922920416
0.6618181915386693
0.8993519674618288
0.5878662795579513
0.6587911296138323
0.35716608457021815
0.2753873102693136
0.601870105541669
0.952455853453803
0.36935614946799966
0.7493714474732687
0.2920203480529201
0.4372305920337287
0.9815625686627211
0.9500665559502924
0.7396760535389074
0.012702074873975233
0.5242747747781155
0.17985748840933957
0.9436983096263097
0.010544687730929314
0.33918794146452935
0.6755650778517573
0.4421371380233051
0.9969056199650427
0.8373991499150063
0.2933239689043844
0.47456285374958584
0.34332990460105517
0.33316979035494176
0.2285280928217278
0.1745224674468382
0.5795307151478635
0.6274916609160568
0.059471547419370996
0.04066856045800049
0.1441776589003726
0.010205169031123784
0.4273217812808858
0.15733573457696837
0.9508428951340423
0.0474507423204974
0.4275923038070305
0.5195378359398809
0.9898777349362569
0.4838711269429373
0.38454270243555955
0.929388171735533
0.26820930043336744
0.10526173094722602
0.7480887822322987
0.9510172566303224
0.11166163023015552
0.8397755423703313
0.6069029299966237
0.21209047598016795
0.10868771845320879
0.7718354969499773
0.08860267966407942
0.16219157894073166
0.21358649367883376
0.753752409290718
0.2525628410478239
0.9219607925575344
0.6887106140776944
0.7310381720520703
0.7552607832985698
