100
-0.333790391 -0.942503032 -0.016492699
0.239699971 0.856295525 -0.457495243
-0.908308327 -0.417375869 -0.027809484
-0.410319227 -0.264579310 -0.872717549
0.090475857 -0.985649047 -0.142513426
0.657848154 -0.429309331 -0.618812819
0.917684828 -0.204315716 0.340748654
-0.468925948 -0.631443516 0.617565819
-0.756387477 -0.550223024 0.353740878
-0.807334851 -0.223099045 -0.546294110
-0.620557818 0.696579072 -0.360118856
0.486735157 -0.638358993 0.596310895
0.198450059 0.960650698 -0.194339419
0.259385772 0.595917623 0.760000795
0.079976671 -0.733515608 0.674950802
0.360032614 -0.635783206 -0.682756349
-0.470951511 0.880379210 -0.056010000
-0.979625564 -0.014218388 -0.200328708
-0.648190624 -0.500162994 0.574182806
-0.966256243 0.117679813 0.229129516
0.784175467 -0.619535206 0.035284057
-0.280743308 0.438148074 0.853937621
-0.486735157 0.638358993 -0.596310895
0.431149432 -0.819468507 -0.377599699
-0.796181470 0.553130464 0.245238163
-0.947317373 -0.168542006 0.272366273
-0.431149432 0.819468507 0.377599699
-0.917684828 0.204315716 -0.340748654
-0.159124009 -0.010410021 -0.987203718
-0.689955958 -0.094717049 0.717627659
0.448585883 0.266115532 0.853201752
-0.082261538 0.299417378 -0.950569447
0.807334851 0.223099045 0.546294110
-0.269277778 -0.783353092 0.560220859
-0.898528502 -0.150043493 0.412472400
0.603670811 -0.696837244 -0.387297568
0.082261538 -0.299417378 0.950569447
0.824137215 0.219629129 -0.522073650
-0.843936865 0.427736296 0.323747169
0.051359619 0.870511939 0.489460064
-0.451866030 0.863864794 0.222608869
-0.721677118 0.072476332 -0.688425246
-0.079976671 0.733515608 -0.674950802
0.578614816 0.276840713 0.767179323
0.236877848 0.804054493 0.545330412
0.432467876 0.432884557 -0.790937732
0.978384988 0.183174545 -0.095968235
0.006761380 -0.712737051 -0.701398731
-0.632433529 0.481503379 0.606780296
0.937223597 0.120750683 -0.327156234
0.159124009 0.010410021 0.987203718
0.721677118 -0.072476332 0.688425246
0.468925948 0.631443516 -0.617565819
-0.888782287 0.401304362 0.221406537
-0.661872753 0.602582327 -0.445891239
0.475525817 -0.686652982 0.549893517
-0.578614816 -0.276840713 -0.767179323
0.673588144 -0.571946507 0.468141224
-0.012534696 -0.862356535 0.506146310
0.627633409 -0.689932236 0.360651930
-0.051359619 -0.870511939 -0.489460064
-0.098333347 -0.886834107 -0.451503952
0.957017758 -0.271002820 -0.103317390
0.329845630 -0.484920989 0.809971293
-0.673588144 0.571946507 -0.468141224
0.282547218 0.000273703 -0.959253353
-0.239699971 -0.856295525 0.457495243
-0.102858785 -0.495418478 0.862543101
-0.564357167 -0.533723253 -0.629793996
-0.087450681 -0.391554833 0.915989733
-0.198450059 -0.960650698 0.194339419
0.947317373 0.168542006 -0.272366273
0.564357167 0.533723253 0.629793996
0.648190624 0.500162994 -0.574182806
0.067179005 0.910131845 0.408836161
0.685373805 0.542355780 -0.485914555
-0.352742702 -0.039342627 0.934892905
0.115716306 -0.714595007 -0.689901234
0.231394310 0.936690884 0.262805747
0.391989474 0.172050975 0.903738189
-0.569991918 -0.644984551 0.509022732
0.819465986 -0.485250215 0.304971682
0.843936865 -0.427736296 -0.323747169
-0.236096947 -0.072031766 -0.969056065
-0.995248178 -0.083834241 -0.049526599
0.569991918 0.644984551 -0.509022732
0.620557818 -0.696579072 0.360118856
-0.960746208 -0.063920823 0.269964539
0.496317610 0.515374750 -0.698611263
-0.305697328 -0.913497188 0.268462346
0.661872753 -0.602582327 0.445891239
0.888782287 -0.401304362 -0.221406537
0.410319227 0.264579310 0.872717549
-0.735978363 0.294777131 -0.609460657
-0.604748415 -0.288322109 -0.742394583
0.184141775 -0.068024822 0.980542926
-0.360032614 0.635783206 0.682756349
-0.270452686 0.276207575 -0.922260658
-0.231394310 -0.936690884 -0.262805747
0.087450681 0.391554833 -0.915989733
0.333790391 0.942503032 0.016492699
-0.657848154 0.429309331 0.618812819
0.326070066 -0.797630134 -0.507409580
0.689955958 0.094717049 -0.717627659
-0.090475857 0.985649047 0.142513426
0.735151670 0.465678526 -0.492641383
0.629106453 0.675599773 -0.384434672
-0.875161288 0.059463995 0.480163257
-0.432467876 -0.432884557 0.790937732
-0.067179005 -0.910131845 -0.408836161
-0.706518760 0.678932808 -0.199703488
0.102858785 0.495418478 -0.862543101
-0.069985626 0.448300832 -0.891138809
0.473745381 0.804532634 0.358179502
0.756387477 0.550223024 -0.353740878
-0.812151942 0.435134527 0.388673599
-0.629106453 -0.675599773 0.384434672
-0.123066213 0.818219325 -0.561579775
-0.211849499 0.115905574 0.970404909
0.908586858 0.169173132 -0.381903618
-0.115716306 0.714595007 0.689901234
-0.784175467 0.619535206 -0.035284057
-0.819465986 0.485250215 -0.304971682
0.069985626 -0.448300832 0.891138809
0.875161288 -0.059463995 -0.480163257
-0.329845630 0.484920989 -0.809971293
0.898562583 -0.218199378 -0.380754930
0.632433529 -0.481503379 -0.606780296
-0.986376348 0.146128248 -0.075552868
0.098333347 0.886834107 0.451503952
-0.937223597 -0.120750683 0.327156234
-0.370924594 0.624118715 -0.687670543
0.908308327 0.417375869 0.027809484
0.986376348 -0.146128248 0.075552868
-0.898562583 0.218199378 0.380754930
-0.627633409 0.689932236 -0.360651930
-0.848800047 0.476260994 0.229595179
0.735978363 -0.294777131 0.609460657
-0.448585883 -0.266115532 -0.853201752
-0.039559634 0.403147539 0.914279551
0.855553156 0.517620583 -0.009885746
0.280743308 -0.438148074 -0.853937621
-0.337190707 -0.858462951 -0.386450241
0.207926672 0.313973712 -0.926383833
0.012534696 0.862356535 -0.506146310
0.408305191 -0.449486007 -0.794511926
0.008204850 -0.955289713 0.295557515
-0.473745381 -0.804532634 -0.358179502
0.812151942 -0.435134527 -0.388673599
-0.735151670 -0.465678526 0.492641383
-0.184141775 0.068024822 -0.980542926
-0.824137215 -0.219629129 0.522073650
0.236096947 0.072031766 0.969056065
0.910402075 0.354199119 -0.213801419
0.370924594 -0.624118715 0.687670543
-0.496317610 -0.515374750 0.698611263
0.269277778 0.783353092 -0.560220859
0.123066213 -0.818219325 0.561579775
0.270452686 -0.276207575 0.922260658
0.305697328 0.913497188 -0.268462346
0.966256243 -0.117679813 -0.229129516
-0.391989474 -0.172050975 -0.903738189
0.604748415 0.288322109 0.742394583
0.848800047 -0.476260994 -0.229595179
0.039559634 -0.403147539 -0.914279551
0.960746208 0.063920823 -0.269964539
-0.008204850 0.955289713 -0.295557515
0.558964679 0.476475700 0.678623161
-0.908586858 -0.169173132 0.381903618
-0.408305191 0.449486007 0.794511926
0.565358572 0.816906628 0.114163245
0.796181470 -0.553130464 -0.245238163
-0.207440586 0.884425846 -0.418042255
0.898528502 0.150043493 -0.412472400
-0.326070066 0.797630134 0.507409580
0.983155234 -0.095945748 -0.155564133
-0.565358572 -0.816906628 -0.114163245
-0.978384988 -0.183174545 0.095968235
-0.983155234 0.095945748 0.155564133
-0.603670811 0.696837244 0.387297568
-0.910402075 -0.354199119 0.213801419
-0.475525817 0.686652982 -0.549893517
0.337190707 0.858462951 0.386450241
0.979625564 0.014218388 0.200328708
0.211849499 -0.115905574 -0.970404909
-0.558964679 -0.476475700 -0.678623161
-0.006761380 0.712737051 0.701398731
-0.855553156 -0.517620583 0.009885746
-0.282547218 -0.000273703 0.959253353
-0.685373805 -0.542355780 0.485914555
0.995248178 0.083834241 0.049526599
-0.259385772 -0.595917623 -0.760000795
0.352742702 0.039342627 -0.934892905
0.451866030 -0.863864794 -0.222608869
-0.957017758 0.271002820 0.103317390
0.706518760 -0.678932808 0.199703488
0.470951511 -0.880379210 0.056010000
-0.236877848 -0.804054493 -0.545330412
0.207440586 -0.884425846 0.418042255
-0.207926672 -0.313973712 0.926383833
0.369881057 -0.898338800 -0.237013508
-0.514576856 0.558373393 -0.650714848
-0.281085881 0.890727169 0.357205597
-0.825981583 -0.177996352 0.534856731
-0.650923947 -0.281031149 -0.705208841
0.029191075 -0.117689967 0.992621253
-0.742638366 -0.473095598 -0.473992418
-0.406628771 0.177744446 0.896136125
-0.711751470 -0.203230730 0.672389111
0.334310019 -0.423485661 0.841960038
-0.591640571 0.739764121 0.320484758
-0.191212415 -0.961522435 0.197262313
0.223032654 -0.970829893 -0.088009971
-0.235182814 0.966761620 -0.100304609
-0.638914136 0.761623543 0.108251122
0.177265645 0.169641097 0.969432199
0.404072988 -0.883144833 -0.238286013
0.437709190 -0.550895185 -0.710580860
-0.430547272 -0.374673701 -0.821126461
-0.778258714 0.169542016 0.604622923
-0.044888603 0.108474773 0.993085211
0.734456482 0.674393957 0.075937258
-0.620577369 0.021384071 0.783853590
0.192224748 -0.899328175 0.392757533
0.455585381 -0.381283953 0.804403200
-0.757088220 0.536734107 0.372470034
-0.166613062 0.578842032 0.798236801
-0.116200937 0.886757899 -0.447389954
-0.034679238 -0.535242346 0.843986363
-0.936008293 -0.272831964 -0.222376248
0.721235127 0.431363958 0.541982497
-0.701655829 0.710812603 -0.049239635
0.906719299 0.399199115 -0.136015368
-0.417023994 0.019057530 -0.908695658
0.083577770 -0.956991230 0.277817462
0.160779912 0.975767470 -0.148417198
0.690088380 0.409995874 -0.596390317
0.418501366 -0.903662253 0.090835778
0.620577369 -0.021384071 -0.783853590
-0.485804346 0.659497761 0.573634762
-0.478868090 -0.835596490 0.269191116
-0.906719299 -0.399199115 0.136015368
-0.368468123 0.196474507 -0.908641299
-0.994844485 -0.093130837 0.040138493
0.437237093 -0.883678875 -0.167138776
-0.948457894 -0.232251663 -0.215607950
-0.449622186 -0.388619647 0.804247885
0.539450085 0.436291456 0.720168988
0.805962693 0.418026975 0.419139101
0.261523836 -0.725069899 0.637086278
0.368468123 -0.196474507 0.908641299
0.490316024 -0.369614686 0.789287768
0.417023994 -0.019057530 0.908695658
0.638914136 -0.761623543 -0.108251122
-0.990907556 -0.073310003 0.112817814
0.650923947 0.281031149 0.705208841
-0.759640534 0.624940161 -0.179989039
0.672418083 0.671921672 -0.310443535
0.539797021 0.771508297 0.336740440
-0.261523836 0.725069899 -0.637086278
0.082879755 -0.675943892 -0.732277817
-0.082879755 0.675943892 0.732277817
0.191212415 0.961522435 -0.197262313
-0.314093792 -0.750484519 0.581479214
0.218515146 -0.254295913 -0.942117148
-0.672418083 -0.671921672 0.310443535
0.158705511 0.859004566 -0.486748103
0.438581311 0.791253943 0.426102840
0.980367728 0.083845352 0.178463092
-0.293057828 0.581205283 -0.759155800
-0.351961872 0.686395427 0.636383656
-0.490316024 0.369614686 -0.789287768
0.772787325 -0.578228203 -0.261633131
0.430547272 0.374673701 0.821126461
0.990907556 0.073310003 -0.112817814
0.293057828 -0.581205283 0.759155800
-0.177265645 -0.169641097 -0.969432199
0.347038973 -0.746667522 -0.567495870
-0.961020045 0.236172885 -0.143745751
-0.029191075 0.117689967 -0.992621253
0.742638366 0.473095598 0.473992418
-0.727652668 -0.406256720 0.552699803
0.206678241 0.055762423 -0.976818641
0.485804346 -0.659497761 -0.573634762
0.478868090 0.835596490 -0.269191116
-0.805962693 -0.418026975 -0.419139101
-0.253540658 0.720952622 0.644937556
0.016771010 -0.935169124 -0.353804242
-0.615881981 0.743016105 -0.261947424
0.872059090 0.043898426 -0.487427813
-0.539797021 -0.771508297 -0.336740440
-0.748500635 -0.595130022 0.292518471
-0.738047476 0.266707632 -0.619800744
-0.140363629 0.355835118 0.923947737
0.034679238 0.535242346 -0.843986363
-0.528392565 -0.118741412 -0.840655562
0.235182814 -0.966761620 0.100304609
-0.455607003 -0.742883766 0.490454860
0.306758477 -0.587734530 -0.748643679
0.985875708 0.051735708 0.159287490
-0.715317669 -0.461041402 0.525129944
0.499154425 -0.847177682 -0.182029765
-0.369881057 0.898338800 0.237013508
-0.404072988 0.883144833 0.238286013
0.166613062 -0.578842032 -0.798236801
-0.905343418 -0.283478708 -0.316216885
-0.418501366 0.903662253 -0.090835778
-0.455585381 0.381283953 -0.804403200
0.715317669 0.461041402 -0.525129944
0.748500635 0.595130022 -0.292518471
-0.370140149 -0.523343351 -0.767533717
0.425907371 -0.165728877 0.889458740
0.044888603 -0.108474773 -0.993085211
-0.465175243 0.880835121 0.087985702
-0.148838087 0.940572230 -0.305239422
0.406628771 -0.177744446 -0.896136125
-0.405954531 0.040142069 0.913011245
-0.016771010 0.935169124 0.353804242
0.936008293 0.272831964 0.222376248
0.514576856 -0.558373393 0.650714848
0.441682974 0.895291123 -0.058051317
0.429160036 -0.857531307 0.283657753
0.341964955 -0.426994023 0.837099799
-0.192224748 0.899328175 -0.392757533
0.759640534 -0.624940161 0.179989039
0.449622186 0.388619647 -0.804247885
-0.429160036 0.857531307 -0.283657753
-0.282072689 -0.478396473 -0.831607968
-0.721235127 -0.431363958 -0.541982497
-0.437709190 0.550895185 0.710580860
0.253540658 -0.720952622 -0.644937556
-0.772787325 0.578228203 0.261633131
-0.095903187 -0.048599985 -0.994203510
0.219616426 0.683877241 -0.695758970
0.254579335 -0.907169414 0.335011966
-0.441682974 -0.895291123 0.058051317
-0.160779912 -0.975767470 0.148417198
0.718649148 -0.545260372 0.431548989
0.116200937 -0.886757899 0.447389954
0.948457894 0.232251663 0.215607950
0.455607003 0.742883766 -0.490454860
0.738047476 -0.266707632 0.619800744
0.148838087 -0.940572230 0.305239422
0.282072689 0.478396473 0.831607968
-0.052138422 -0.702127677 -0.710139641
0.052138422 0.702127677 0.710139641
0.465175243 -0.880835121 -0.087985702
0.711751470 0.203230730 -0.672389111
0.615881981 -0.743016105 0.261947424
-0.734456482 -0.674393957 -0.075937258
-0.332746093 -0.640047290 -0.692545669
-0.690088380 -0.409995874 0.596390317
-0.223032654 0.970829893 0.088009971
-0.718649148 0.545260372 -0.431548989
-0.980367728 -0.083845352 -0.178463092
-0.083577770 0.956991230 -0.277817462
0.961020045 -0.236172885 0.143745751
0.140363629 -0.355835118 -0.923947737
-0.425907371 0.165728877 -0.889458740
-0.539450085 -0.436291456 -0.720168988
-0.872059090 -0.043898426 0.487427813
0.905343418 0.283478708 0.316216885
-0.499154425 0.847177682 0.182029765
0.370140149 0.523343351 0.767533717
-0.361659816 -0.820998647 -0.441773018
-0.158705511 -0.859004566 0.486748103
0.405954531 -0.040142069 -0.913011245
0.351961872 -0.686395427 -0.636383656
-0.306758477 0.587734530 0.748643679
0.281085881 -0.890727169 -0.357205597
-0.254579335 0.907169414 -0.335011966
0.841603569 0.337033105 -0.422033314
0.361659816 0.820998647 0.441773018
0.873549357 -0.155635613 0.461182260
0.528392565 0.118741412 0.840655562
-0.437237093 0.883678875 0.167138776
0.701655829 -0.710812603 0.049239635
-0.985875708 -0.051735708 -0.159287490
-0.556548299 -0.830783271 0.007290209
0.778258714 -0.169542016 -0.604622923
0.825981583 0.177996352 -0.534856731
-0.218515146 0.254295913 0.942117148
0.314093792 0.750484519 -0.581479214
-0.334310019 0.423485661 -0.841960038
-0.485887311 0.867283801 -0.108315876
-0.873549357 0.155635613 -0.461182260
-0.341964955 0.426994023 -0.837099799
-0.347038973 0.746667522 0.567495870
0.591640571 -0.739764121 -0.320484758
0.727652668 0.406256720 -0.552699803
-0.438581311 -0.791253943 -0.426102840
0.994844485 0.093130837 -0.040138493
-0.219616426 -0.683877241 0.695758970
0.485887311 -0.867283801 0.108315876
-0.841603569 -0.337033105 0.422033314
0.556548299 0.830783271 -0.007290209
0.332746093 0.640047290 0.692545669
-0.206678241 -0.055762423 0.976818641
0.095903187 0.048599985 0.994203510
0.757088220 -0.536734107 -0.372470034
