18, 7, 18446744073709551615
8, 10, 4
3.5, -5.5
42.5
42.5
8, 13, -2
-12.5, 10.5
266.5
266.5
8, 41, -18
-3.3888888888888888395, 1.3888888888888888395
13.413580246913578975
13.413580246913578975
8, 40, -8
-8, 6
100
100
8, 17, -10
-2.1000000000000000888, 0.10000000000000000555
4.4200000000000008171
4.4200000000000008171
8, 52, -20
-3.7999999999999998224, 1.8000000000000000444
17.679999999999999716
17.679999999999999716
8, 25, 14
0.92857142857142860315, -2.9285714285714283811
9.4387755102040795663
9.4387755102040795663
8, 18, -12
-2.5, 0.5
6.5
6.5
8, 25, -14
-2.9285714285714283811, 0.92857142857142860315
9.4387755102040813426
9.4387755102040813426
8, 16, 8
2, -4
20
20
8, 34, -4
-13.5, 11.5
314.5
314.5
8, 40, -8
-8, 6
100
100
8, 13, 10
0.10000000000000000555, -2.1000000000000000888
4.4199999999999999289
4.4199999999999999289
8, 20, -4
-9, 7
130
130
8, 37, -14
-4.3571428571428567622, 2.3571428571428572063
24.54081632653061007
24.54081632653061007
8, 25, -14
-2.6428571428571427937, 0.64285714285714290472
7.3979591836734694965
7.3979591836734694965
8, 20, 4
7, -9
130
130
8, 61, -22
-3.8636363636363637575, 1.8636363636363635354
18.400826446280991178
18.400826446280991178
18, 7, 13
18, 13, 7
