1000
1.0 730.3053665418284 802.6979585909969
4.0 449.8771838467944 728.7047177182963
3.0 947.9666294350543 558.380669029902
0.0 178.94630853364657 290.2973075861438
9.0 887.0432797082906 42.4014340590646
1.0 317.2778542735818 981.5376608208998
7.0 289.83347019038774 727.7554674596729
1.0 269.0683854251521 403.9555857007642
8.0 331.89427887033486 379.2196422771493
9.0 538.90156713545 36.53648436446011
4.0 474.67486119229153 96.89931945524366
4.0 339.5706490218947 115.78348561919616
6.0 646.5439057412387 423.0448475428392
6.0 276.70632944969833 451.7693095463312
9.0 416.47090796458485 716.9981457848442
6.0 786.2829409307377 150.06622766531984
7.0 804.1996886688248 4.278449472874035
7.0 700.4384582292407 773.2703622596163
5.0 342.0267945370723 282.25167447039536
0.0 444.88619160390596 688.4167743378595
12.0 468.5408646423563 746.1839273822412
6.0 589.0354664551803 674.4472135992842
0.0 964.4141404030701 448.61446898398685
3.0 250.23712086630988 194.52165842032798
5.0 138.07560035114298 210.07473004280197
2.0 24.121395083823714 763.3173350136353
6.0 8.311357854280278 493.47955575278866
3.0 380.9283189539736 378.6115659988597
0.0 291.4921015853752 226.19005344017816
4.0 380.28804991102663 519.78263822743
3.0 63.55421650339777 28.461243696355165
3.0 60.45188975869098 72.15198871799622
0.0 765.495341261892 321.0228759849896
0.0 444.3040174762777 884.9344131759823
3.0 792.8214867133861 557.6087408454217
7.0 746.3874193622019 883.0763393596786
11.0 788.4391546212803 421.45586456779273
2.0 896.6494205334549 603.9317384628068
2.0 75.86759744800598 332.0446870538264
4.0 878.3137704118493 724.4108476450324
1.0 364.7516177439706 370.24332108349887
2.0 438.51855914661286 269.6804393554155
5.0 631.9227056340573 957.5299904769022
2.0 213.36167644811854 71.65277092684974
0.0 702.2295560508171 70.65474432120101
0.0 830.0757905400291 94.09729061966566
6.0 612.8464932565932 290.9394506594875
1.0 357.5797345593016 234.44114783149382
4.0 916.5835388639229 551.9410030283308
0.0 954.3595492450161 553.1300490081546
12.0 690.099853330451 91.42512508531087
12.0 145.07886290498894 171.5706343464748
9.0 705.5536081361881 14.7473962509439
6.0 250.53412732888236 808.0222061247187
9.0 795.9155965780443 611.9156647066619
3.0 769.313602034965 282.0455672900316
12.0 941.3238640298009 629.6923205890935
1.0 274.64499335009896 196.46432619262578
2.0 992.4057082934794 538.8868058844513
1.0 797.282551527097 889.8891382806991
7.0 387.4944302760698 536.5616497206572
3.0 601.9077524024428 216.49014904238572
19.0 850.7549074402449 994.0515506182318
10.0 745.1061159533366 922.1120210016248
1.0 963.1610514736785 310.0897001095745
0.0 701.8108967526055 839.289854493274
4.0 513.6790405101236 817.3687658994395
2.0 81.3476603781792 506.7051340863521
1.0 325.7384362242197 876.1010505794347
2.0 32.75514918865263 254.8934026935258
1.0 929.827579199192 357.3359048455781
3.0 271.8985347909509 697.4424380560816
4.0 404.5646306518563 640.0814830653002
0.0 417.21154623005265 288.65810520940994
0.0 111.47942923142995 651.9604012650182
5.0 846.8092109880123 549.3958782893387
0.0 238.08187600443486 941.9854986997085
1.0 303.33543155165665 776.0705795003912
9.0 337.39261630057206 73.28770059280076
0.0 846.8988533653556 169.1576276904687
2.0 524.167708690713 49.0890099791963
5.0 759.9975044015459 467.86179649834656
1.0 987.4144372058594 499.5914285353721
3.0 39.56961663807657 542.9502794763065
10.0 283.0298953380692 353.95985579160435
4.0 29.621895643227482 268.2944554496897
9.0 880.6308231876171 426.624156775929
12.0 471.60836320825786 374.6064473925086
8.0 760.9750105325003 985.3794576699366
0.0 538.9419871868377 516.4733746198195
5.0 356.8839192450446 546.4219655838991
5.0 889.8320032310266 23.59145236693161
3.0 27.517670587955955 135.6996779818601
9.0 387.44478230266054 584.9244034396103
5.0 929.3897962428312 669.3272039361559
5.0 974.5515634552786 468.55804533824494
6.0 8.224106187274982 899.2798348934783
9.0 589.4992895131469 494.5986890349301
3.0 440.5736816444763 577.6859861992108
2.0 739.0111818687419 204.12238779531077
0.0 993.0938492083559 825.65504310454
8.0 30.445220337317892 387.8828314355081
0.0 927.3066952743411 93.37532785336965
11.0 999.2187645993611 796.3435379052189
4.0 241.30918634260513 434.37387690486406
0.0 751.0923534409866 696.930546533267
3.0 441.5586978046219 121.19410849685208
10.0 430.66335487896947 354.47173230137344
1.0 740.588680181769 178.05353504812905
0.0 757.4569119259777 27.01544679653778
10.0 582.6841157893747 52.47961802656054
2.0 727.6359278119825 969.4836449970398
2.0 507.57203695454467 787.1636409306467
0.0 142.84815733671198 664.2296201907475
0.0 773.6821617483887 403.3605317642859
1.0 151.6628980383753 351.20003576774474
1.0 949.2208177355099 334.21029912426513
0.0 700.6098870259099 215.110244418935
1.0 619.9946656628905 746.3901877957055
3.0 498.00880526510804 964.7221422114677
14.0 87.83114540795289 43.47726626964621
5.0 744.1497261429336 955.4083703066393
1.0 302.2275993178184 254.03989866922794
5.0 313.17288969349124 865.7645101189465
3.0 316.28632529500055 931.2069753253306
1.0 638.8318573797968 83.49404928053572
4.0 849.0816053713984 372.6329573890248
5.0 379.3505478631004 748.2893527555289
7.0 259.39940729933573 479.3140865709111
1.0 976.4984560285006 883.644531334622
3.0 729.9407381919542 46.397581490562054
0.0 565.3365149402775 748.3580790401005
2.0 629.1209399680181 992.6586159110818
15.0 620.3848176094159 892.861950829315
8.0 881.591707962904 888.1278101281287
4.0 511.62759005195267 53.91251967089416
2.0 492.9009470593799 60.89469742426989
1.0 706.793978576551 526.3819389421367
4.0 431.82756995622873 680.2810225885984
4.0 300.954040101081 625.3884306141998
11.0 726.2398705584866 228.76760845653976
4.0 315.60187616411497 370.45333948572454
1.0 522.420765130946 224.20111499951145
0.0 308.29658116735703 243.26909064314762
2.0 47.6536010740849 464.4946687997025
0.0 924.448063040577 303.5378360788953
2.0 772.3396897365609 358.65211716929247
4.0 704.3804667938873 246.28247161656213
3.0 281.34871921173 899.5981099924638
2.0 116.77373375438171 778.8659373187727
4.0 377.1205732422581 157.49734131091498
3.0 655.6048129572063 991.5210384445857
7.0 465.5197681702991 900.0701628788162
2.0 473.6127996948214 567.7126397211321
4.0 36.820922461321736 274.7530401704288
1.0 837.0162928411992 338.83582900585486
5.0 139.79068043019095 240.83754995044737
2.0 246.73531561676566 79.61483559454929
5.0 959.5799637337017 344.76484538434823
2.0 264.86790161928076 929.3554786209228
6.0 453.03574851964345 937.5931752014475
2.0 191.45399896336968 723.6912688458532
0.0 850.0917497972297 263.02825181819077
0.0 403.5256117336059 305.9748797846867
4.0 300.63187795094336 154.08387431056937
5.0 888.7332111105407 818.3122498189184
7.0 509.7580878612712 660.9531557906391
7.0 90.97509552440253 574.4576179209746
1.0 594.4768493879981 513.9219858059447
0.0 278.5145896898078 175.6753389450244
5.0 423.69788452536216 331.6092438028686
0.0 607.0919962893248 668.8793844980698
1.0 919.0252682815271 657.879731425926
0.0 266.031376962415 971.1699842661927
7.0 909.8181527376934 956.0954735205032
9.0 841.6117071235955 897.6530811680293
1.0 523.0120110871485 188.36387149855415
0.0 907.8620736223269 193.62143209446936
11.0 138.30233797172875 462.4188834180838
6.0 319.9366848810558 715.4037324218488
3.0 908.0529196528588 936.514534372611
9.0 478.52505859916005 837.9007099387583
1.0 862.1890684202509 33.18978809831052
2.0 443.84229596463 990.5865575348024
3.0 116.85064868190554 96.83128787840067
3.0 977.9503268390987 668.9852586037338
11.0 9.246720261714136 430.26396960092075
0.0 127.51972607140816 392.3716163109173
1.0 962.411021940297 374.57718531026694
2.0 242.57310722509683 75.5423030379716
10.0 155.56331195515216 111.1603799910037
1.0 322.2293357372142 963.7162273613893
4.0 971.1774031654368 593.9728289451641
6.0 496.77338580422605 84.04294081778762
0.0 786.9111053730138 190.44292751259061
10.0 400.498890696012 838.449495809662
3.0 881.507046289719 613.7482966181906
4.0 385.70517669054306 984.1170485303859
1.0 597.8746703880716 937.0253150928539
2.0 421.58245206653265 812.548521078813
5.0 980.1650066660509 711.084331832387
2.0 373.8745022852207 599.300972056397
10.0 809.7331175217697 748.1901390443604
0.0 772.3830078678333 934.7788138086086
4.0 709.3749519318133 258.96670769743105
4.0 371.13717450559534 340.9819165818829
10.0 573.6455623423458 26.475340811748293
1.0 683.17282559214 373.16137399702257
1.0 309.75233842805915 460.4011851541131
4.0 39.83462821685257 173.7333097369812
2.0 453.2216814377411 985.854349504878
1.0 990.4855454593958 667.8733381457582
1.0 393.82684422367777 923.4563586606264
1.0 447.77554505445994 807.0107123771222
3.0 721.290058188707 94.74862559538776
4.0 258.61237974420027 203.33046108059116
0.0 446.4611398194365 102.30180320556126
0.0 38.52174544690878 243.1764987073195
3.0 969.8193608606022 584.1675111925681
4.0 222.65333526848187 987.4841399080757
6.0 14.152959102118224 480.64701795756173
0.0 287.1728386100083 922.1310869368415
1.0 216.0969902663218 577.9669033378074
8.0 904.3992969725298 859.2250548679052
3.0 971.1149081942367 380.33864817191477
3.0 580.7744134619373 114.96010978268178
6.0 619.06802148776 371.92286449106405
0.0 390.18942675326406 863.8313238457172
0.0 632.0276282185629 549.3556895107874
0.0 957.6258260498468 723.7089984986238
3.0 21.89106932106788 846.2972928934141
1.0 25.427460520545452 110.8311303159536
4.0 58.411203512770186 615.9246873912853
1.0 765.2820843467473 272.686907457385
0.0 789.7037131626722 563.6036869168432
1.0 847.4845014293537 166.74453103362407
4.0 294.0841767230472 968.1147945842093
2.0 223.52500540191377 762.4945537004622
9.0 499.0032154761247 131.2870679062351
1.0 514.7100673306591 444.34849916998434
3.0 247.06304187673177 185.24724480537347
0.0 146.41958090638218 253.1419644964087
1.0 442.9819840223487 210.1736348644294
0.0 500.24935393289803 509.0500815327151
0.0 875.1386008855166 633.4133472734356
12.0 2.26811807253946 999.6137132792318
1.0 730.7692685601493 134.38252812891648
0.0 703.050738469141 215.6250640077586
7.0 691.6617275110568 885.9844788958052
4.0 669.183403744952 975.4961379694047
2.0 863.6285614206787 147.7698560125602
7.0 446.87458916272647 630.886291012897
1.0 2.357294165753032 295.23702919694506
0.0 924.2140784964878 440.83571387323616
5.0 373.74555830656465 929.9966602693747
5.0 236.20036615617835 404.79324227839066
7.0 379.42334511749897 562.9732850472943
6.0 285.85309637279863 573.0814033383324
7.0 391.1976489895326 92.94004625224983
1.0 46.049763547751695 320.60716832388147
3.0 724.9488634090034 823.1362503847049
1.0 8.754574687780291 583.8551521840585
7.0 290.0623225699638 287.60415646743473
6.0 268.3255324051933 997.2540040736657
2.0 26.501527597074357 921.5284683452192
10.0 752.094902526676 155.11473911476358
4.0 440.04762748086955 872.9617608558879
3.0 66.90474525432855 333.6600209224649
5.0 118.1970683756669 59.92429273209587
2.0 163.48624790415522 436.56930312854723
0.0 837.5459146008503 472.628044225762
6.0 70.57347710595663 844.2366721684185
1.0 248.0422214254542 463.6212275170816
9.0 874.7304361113669 389.45755055599005
5.0 319.68163810887495 562.8761034222667
8.0 408.91329003205277 172.27233134829646
0.0 124.57447233109309 142.27442967224923
3.0 443.9953121934519 738.5327726214583
4.0 243.3407354526781 106.63053959757585
3.0 512.2582776921603 253.989038400938
0.0 217.77905404914455 660.4163411875788
1.0 167.1391802851474 781.9127876241866
1.0 422.96933548408276 817.7656858380922
3.0 481.63419280094365 244.6281306087007
6.0 315.40463193930634 383.6701897590956
3.0 304.7539757582711 635.3500229378275
1.0 193.49681593113166 768.3493288669343
0.0 774.6256089306793 346.26305721006355
3.0 431.87555315287807 207.93543691566697
1.0 998.2972888512235 975.5250940768733
2.0 624.3837858798795 473.5929691672837
0.0 450.94212789490206 980.9067693141684
1.0 743.0287196231527 354.9944355085024
2.0 636.1850767713037 481.93408086281454
9.0 670.8999370693779 679.469812502049
2.0 166.05006171282432 829.9271111999107
5.0 364.8654292689072 608.7197627617904
2.0 41.69833729605254 339.9417673683518
4.0 746.3287513614049 627.6300440011646
9.0 432.27476871764514 311.96852204956105
3.0 161.66470913875574 426.47702309624526
5.0 726.8924835796905 910.992771619635
13.0 133.33218035721595 817.8729197368655
0.0 519.996300851473 46.500003262638366
4.0 197.5784817053482 389.69603261677855
5.0 341.816224512701 428.6514273830673
3.0 564.307749832118 704.2098608974366
12.0 623.372771422469 510.9900763465548
5.0 502.35087101709195 996.8841002102981
0.0 617.19784777915 693.9826524191895
0.0 282.5004917042745 824.4207963602706
6.0 249.92228533659954 323.4127722721294
2.0 523.8011468431572 927.0882975093699
8.0 137.1170725865404 509.00535381340353
3.0 986.6643409519755 560.1633810956782
1.0 39.787642149681005 315.1370072573761
4.0 228.1182275941086 597.8201536279103
1.0 129.0253186612218 918.0792659286969
4.0 870.1796071745903 215.14460625981147
2.0 207.37399203290886 593.719392294013
0.0 935.1978249110628 685.6877879236737
0.0 336.3397259066249 929.4596521299404
15.0 274.8806886683007 517.6423676851675
1.0 837.01009505855 5.7559420012599505
4.0 903.0342239961649 445.3471821800905
4.0 502.90630174872473 557.0151196389037
2.0 374.8705842828084 810.4965541154992
1.0 254.31606402874507 230.4932979985499
1.0 271.380656872385 182.49130595962905
3.0 547.1688383373382 506.0834498583381
6.0 374.49654825111065 70.24124894707407
5.0 596.0573040204285 922.7268170528434
8.0 231.64516421613322 35.042324909665304
3.0 332.57354181121025 168.75779995080475
4.0 839.4902034274287 78.06854154559173
7.0 501.4587983946307 825.3968108107233
8.0 635.2797638105191 284.55715184871633
6.0 511.7534721587569 316.15041219869124
6.0 91.47835453850173 627.3086008943318
10.0 284.0215685913704 55.001383600601585
1.0 91.28893776510516 199.20849431734567
0.0 49.44203274574876 391.30251724299734
0.0 595.3347364284625 205.23354466125886
8.0 878.8621596939355 522.3221525326862
0.0 417.6625609726187 93.85409035657332
1.0 857.5037981631099 1.4765471044912992
3.0 207.27550947636774 522.7793181160382
2.0 216.59559320796674 245.6687551434804
2.0 929.8777073164365 880.3107631224374
3.0 524.6805529151727 857.1585462585821
9.0 825.6478449229251 361.9916636211873
3.0 654.9894081443354 887.879255957471
2.0 343.1938342589054 567.141941803314
1.0 34.518792639079976 633.607593277095
4.0 155.94439119462643 244.4216632663394
2.0 200.69141544705883 353.7234075974609
3.0 485.2246156108422 550.4628130379295
9.0 897.4188149005454 992.038191462281
2.0 48.70627203325617 579.5459566848966
1.0 884.0247648786861 263.0554446764367
1.0 176.14686738868468 873.8596376409295
0.0 848.7345553359938 536.3956876960773
5.0 798.6843969201929 676.215063318982
13.0 518.902620079367 101.29906450452242
0.0 182.69619482054657 446.5028097510577
0.0 914.862343325487 753.3652237341432
5.0 86.61346313288875 9.983550348804936
0.0 55.307225707189374 166.83075257362955
1.0 311.22343284319567 469.0460978439609
2.0 445.1572075175146 835.7942753079396
0.0 36.704519979885106 756.7240942966389
0.0 681.0206775316375 381.23912566002514
3.0 840.4167815608179 836.8897375560312
17.0 976.3876844463747 254.59695681772644
0.0 387.8440043160147 723.6026106429226
3.0 116.02506931149392 112.143119800038
1.0 162.113013657733 328.2058359942728
0.0 662.7334424102912 875.6898690980436
0.0 601.116626500203 732.3685436505662
3.0 998.1637173944978 943.4236462204748
3.0 225.7364408097098 941.5316279990525
9.0 233.69745224046713 864.0406722191796
7.0 471.9611700999274 881.0203526372645
6.0 560.8457779410278 164.77563796385408
4.0 174.5293639242972 863.0671103965484
1.0 650.9152036949619 952.781152285073
0.0 796.5467829018162 858.483029910204
6.0 954.8890662518073 818.1150486201457
2.0 508.3698947074408 501.7454623023433
8.0 264.8346303224016 66.26965527527074
5.0 237.6933660334981 676.2136016135739
1.0 27.81234570727742 977.115700544054
1.0 674.5012869798674 68.55311262196173
3.0 952.0018031099195 169.18645881246576
0.0 779.072015508241 981.538200126406
2.0 463.28629732760396 654.2090537977597
1.0 835.9268755819536 613.3318427660042
2.0 396.97751252654234 874.3808806612566
5.0 923.8252745257304 408.9444136463305
0.0 734.2347437377111 808.4590456325193
2.0 716.4066751836708 766.7025462482561
1.0 820.2660071163345 885.5126286424376
6.0 406.93825002752857 434.27438005269914
7.0 571.7822024154142 367.67465166787395
11.0 404.5897890025299 376.9836952228994
1.0 885.8838215968066 773.7803868601031
2.0 138.86866614384851 659.9318624700038
0.0 235.18785023462107 179.26453540057707
5.0 85.20652158199648 383.65195498841496
2.0 668.9347939981038 17.671319129940024
3.0 350.0926915573177 999.3315140111977
6.0 304.2474780372756 19.105175411603838
7.0 232.67590937857574 456.8533787192739
3.0 965.75976019091 321.4748083290838
2.0 841.205424790171 641.0714293720204
8.0 328.30003428763735 356.1417498036916
4.0 168.19574028554095 891.403774683033
2.0 634.5108348728963 989.518889995845
0.0 290.7750858946316 220.3279213439474
4.0 635.3690323704427 720.6676672301858
6.0 247.65491102006908 883.7966119139842
8.0 631.3231117620709 831.4741379962036
0.0 140.3523558000006 353.80630537149517
6.0 502.2548410738196 167.89942907158562
10.0 881.4014557146579 3.8691073669189224
9.0 94.3990495242405 268.5074935395748
4.0 404.10921419703175 239.20237749827288
3.0 743.4904768613345 382.571397954665
4.0 69.32211022817647 190.0488465680279
1.0 788.5802876365375 8.607383782825329
3.0 775.9847029418033 89.13292713488762
0.0 423.6688840828068 158.44676729607053
2.0 840.6462269988705 331.2086872243437
0.0 458.6025751909424 561.7167656385221
1.0 585.7512794711563 945.5899901284749
2.0 669.4331386929624 556.8541369952752
7.0 70.73174358470379 365.4281694220076
7.0 323.03253342114357 41.880584837323156
0.0 345.9586738443825 129.89098542738998
3.0 154.77936372623168 364.19558345764636
1.0 840.7196833776493 660.9552784000077
1.0 302.1269695887082 836.0911995658082
8.0 49.56802221210776 14.347607505137638
1.0 445.15627231885156 669.1424192486955
6.0 128.93183894990835 50.77716683770517
8.0 244.30159930432805 583.0434961916379
0.0 427.3624266717253 829.3259516124709
1.0 98.57876132128507 656.0847087591579
4.0 772.3621090847184 591.3816003124382
0.0 588.9135366971595 82.00131167199321
2.0 695.5635415692062 929.0970792483056
1.0 33.755742922558895 242.42929889615894
4.0 601.5012334932798 576.7567534842382
1.0 474.50057504865384 543.0908964885282
1.0 777.3736682343466 42.18325533724676
2.0 431.8559877269693 605.0728435675293
1.0 110.57895579924715 11.777553786541883
0.0 469.3973748971877 517.3836520823188
2.0 217.56948861470536 515.2910602675271
3.0 462.22010492860943 510.0282207737402
1.0 707.6878421336959 908.733404766728
1.0 39.185515028431816 757.9958677783774
5.0 97.0307773828506 517.6288986187138
3.0 401.41409304052087 790.5194392948379
1.0 865.9732748945229 189.71462461657774
3.0 501.60046637703647 545.4926993151945
4.0 343.84927925202334 587.0653053261358
0.0 681.3730124049393 379.3402965848958
3.0 28.244723394383552 987.9790425431624
4.0 905.7160119658329 242.72134325502626
4.0 861.0614418980797 222.7907050367508
0.0 574.480893783594 835.9292034443124
1.0 632.9397213690709 370.233012984999
4.0 635.9797973671291 558.0503398658198
2.0 250.71468468072177 455.5742205916107
0.0 132.4005836149733 786.5541201178777
12.0 714.69737348065 328.35328907197726
3.0 361.0203809139191 352.055868535743
1.0 902.2313929515932 717.9291365677321
0.0 992.7583866817256 827.8514233440837
0.0 737.1783094704242 806.2708826407552
2.0 644.0014047987776 736.5873343341914
2.0 725.3879566409888 579.9516209359037
10.0 96.46299842577255 845.6319147318146
4.0 836.0222312016161 103.50904287800111
5.0 329.62064872470296 991.2603601105608
5.0 577.324521419727 617.9800774232948
2.0 491.88961829128175 504.4459972057229
7.0 661.6273247990813 731.4966949508041
0.0 443.159903065519 438.19959779238957
4.0 536.8037502889226 447.13337447523514
0.0 86.85511186667915 813.126121960379
4.0 900.840883541461 929.0783463014161
0.0 175.58140727673012 784.8652881941055
1.0 513.7777291390187 504.64632611398486
2.0 572.1292669563371 956.2857285674814
0.0 771.1626856285917 745.7758657508843
6.0 186.8037992917291 481.5843525812709
3.0 573.9865997355954 637.1636924040869
1.0 606.4753585134123 79.13089190090162
1.0 342.1082588827977 919.8154176098205
3.0 254.00376136256585 218.72107830695631
4.0 226.76626032454305 436.94778099129616
4.0 425.7443126260344 519.4261086895091
16.0 746.5552165926135 430.9390870567338
6.0 615.4666744725524 837.2461258733476
0.0 932.6585844953826 97.11147531990161
1.0 279.543976314553 166.85774312826774
5.0 781.1878126650794 166.2954770391075
7.0 715.5250585812038 662.8205239586
1.0 159.06190419627308 509.12481952366915
0.0 421.6312987137301 96.74745220270331
8.0 991.9284498583119 407.51486327958696
5.0 907.4978038106398 418.28453743445857
1.0 108.44772330835251 15.888170315416005
5.0 735.7767069119996 17.33226754603512
6.0 82.96419152069312 244.59261187492908
7.0 480.40194817571427 285.74293273115927
2.0 712.9362827214143 952.5380909845497
3.0 257.64826375541674 662.41659913755
1.0 60.64287242333866 606.8918793854185
8.0 898.457573168481 100.9265199018754
0.0 392.72187803768435 59.756651310537755
4.0 634.7391044845589 742.217920689205
2.0 128.26735685515712 721.9854714808055
4.0 211.45701590236575 189.3222176736562
1.0 602.6792702735004 667.2110440899564
0.0 102.21689365184538 13.836347009944404
1.0 640.4006006614903 375.57691402715375
1.0 986.7747564439856 541.2763338644477
2.0 962.8116003829272 300.9996844091407
1.0 948.2098543435262 329.23288317913745
6.0 463.5476681104771 679.0735739346092
2.0 647.9010404874061 101.06793396560066
5.0 398.9359745992548 983.2324894433511
1.0 795.1499817096408 840.754785106214
4.0 998.5711571919779 573.6497789520587
2.0 469.1640832136629 175.6808470433604
1.0 425.3121180329912 79.11359756220293
0.0 314.7691240636791 987.5590899071834
3.0 253.10110289632524 950.5847504078645
5.0 52.15939212898557 535.3394132731951
6.0 473.14442353324125 776.7778276043917
2.0 472.39860074830733 695.3842198302553
1.0 286.8482974943032 329.13464641230104
1.0 440.38511389941846 434.80883615839514
1.0 209.6638726886715 772.0554233248641
1.0 634.7902818250786 375.7344702477121
0.0 26.451445418919306 737.8055297756204
1.0 487.9910005639946 606.742271590237
1.0 39.00767295008223 742.7170249304387
7.0 284.9007299542953 11.703793678558117
3.0 808.637869784004 90.99530871731687
0.0 665.8310874004407 889.6559237279201
1.0 346.21468810101953 243.50236158868498
13.0 999.4964777580274 732.6596003749743
2.0 193.779177586208 497.64541380571734
0.0 937.6640770440757 662.2643774605999
10.0 134.7522483379625 20.162231215660853
13.0 113.78409311474714 449.82890696875234
5.0 123.14833379216594 706.8175028346798
1.0 519.6021905175365 866.8616674601755
7.0 649.7157152676033 298.04434190316573
1.0 481.69326150259553 929.2140067173865
3.0 21.535406061983565 498.03756624077187
4.0 190.13418235173006 295.3590139864346
3.0 267.0046954822509 39.71468800958067
3.0 577.7188987509631 977.7034699957031
2.0 211.40755141098612 512.6499381182483
9.0 625.76055350232 796.1651008609613
6.0 986.1304519858918 696.6322298365037
3.0 383.11332221048656 802.5826206017407
0.0 878.9607683822363 112.40358995973976
0.0 677.7623430137676 698.3280825195749
2.0 999.23333340331 985.4709612507958
0.0 687.2539064231502 190.51179938231667
12.0 554.8065481766492 813.6895131468045
4.0 88.21094438202215 371.6732340536962
9.0 58.195903723669005 124.27854897739809
3.0 711.6979201282064 77.89617978239627
15.0 543.3942883575928 0.09944068720768584
0.0 583.6567345958175 708.8226893968175
3.0 542.7389002029145 570.5616753787278
8.0 805.354397186821 570.8231487196067
3.0 922.7541383000365 335.69366258962543
1.0 523.643222032051 515.7424871553812
8.0 543.1335303740948 791.1778672106154
5.0 156.90789581381614 56.94727800887611
7.0 288.1665340265391 701.4406705114872
6.0 840.6525462506169 275.0227786957342
0.0 954.1375617428702 552.9006541629159
7.0 475.1174496402142 80.73603353206616
7.0 596.2977535560825 559.444962066732
2.0 508.4232336229544 299.3955161187075
0.0 321.64995363230196 464.51887398917125
1.0 357.958743745027 400.0683660293718
4.0 145.2615342376339 364.06108742652367
0.0 20.319090888838097 909.3826867548789
6.0 693.4974967842659 311.3434748874204
0.0 435.19887581675476 832.9067174716445
0.0 511.52680728733145 525.6006937055195
7.0 234.95085659788583 751.2743792789131
15.0 129.48098666656117 569.4576704082945
8.0 781.024948658487 697.7839853452209
2.0 996.8113826744291 33.60694889659721
5.0 82.89212889178155 538.0296659899001
4.0 107.49220480632505 969.7769539383495
0.0 888.5454839566186 348.9520070116351
5.0 115.8474300970178 635.1799401090354
4.0 404.8545235251341 999.0910263662729
1.0 82.04712841297601 614.9338373952872
1.0 858.9764387474391 470.1122569261564
4.0 715.3946862055684 581.2888068429361
4.0 57.83879008414261 983.7267181808056
1.0 733.7000088409279 87.62173981901155
7.0 842.1014442763247 567.8797054578624
1.0 832.8121791628947 473.0800021518623
5.0 729.7404614473502 605.9406852866957
0.0 426.9084788783396 160.21020772993745
4.0 339.2968892535948 53.87497507555572
2.0 566.7120525602306 416.6691819726163
6.0 831.4804235460615 913.6549880830137
0.0 693.3768251526875 185.1460086717458
5.0 417.09439967639594 44.70362267241201
0.0 376.1755913096869 370.71381687038553
5.0 542.6881259322602 200.8655663905037
1.0 43.78523717771265 66.4605169447804
12.0 223.5886069395705 281.73132280691703
1.0 546.0110036154017 758.2115025328945
1.0 163.70623155030583 798.4518283742067
1.0 854.6642197960467 5.798793862581975
2.0 731.5289770864621 768.889514859157
7.0 584.0883151896089 416.22383799969407
12.0 662.138632212248 818.7297965925063
1.0 263.9149348005456 675.1906709797152
2.0 983.171737202312 148.35340700575472
2.0 220.07578851157717 197.16874420669728
5.0 184.8021387739579 337.2054062474477
4.0 419.20534722388123 961.1679744168882
4.0 646.6314856343738 75.97440039164616
0.0 646.5364979354988 464.31555101869816
5.0 157.5809229630891 222.27841835212337
4.0 782.1334243640819 211.57831606245603
2.0 636.5952384471249 569.5655599041769
1.0 961.3887948385851 136.15284372978786
1.0 647.4234142435954 593.3350553235451
1.0 592.8688257676164 532.2454452861814
1.0 894.2133727223845 642.3750794999471
12.0 79.30522837767195 941.7868609575008
3.0 363.48019261535234 318.7441597997459
1.0 193.44126805203177 223.54681317995696
8.0 894.7561790999407 691.7199229082984
1.0 588.1371106372455 687.2141620556055
7.0 218.98414012019407 706.1451529115609
1.0 219.599466792736 816.7912371204893
1.0 12.959015182020472 913.1419034168513
5.0 706.3217691760135 551.5086858582724
14.0 539.4370810143524 79.64920470817482
1.0 410.53144744938453 61.355254285443195
1.0 134.37159599469717 850.2421073087662
0.0 794.023678423445 850.8352986599127
0.0 346.31884858326555 128.93203901312967
18.0 81.80509695527726 709.9778522332923
5.0 724.1439560721187 107.2621675321177
6.0 545.9206470317843 617.2212943396008
2.0 933.9964917649061 755.4786550486025
9.0 365.25653420731766 887.5091483966615
1.0 364.50481989360605 256.48001268559375
2.0 288.92792661315923 314.3912844785783
1.0 747.8459146182978 694.1218942776263
0.0 240.30194799877913 199.0465307169962
11.0 184.18381462814227 84.51797604415657
0.0 265.67933039523984 617.342490502473
0.0 6.590520286208434 585.3559299075073
2.0 282.21948606068327 419.2579646872504
6.0 336.23755557623934 555.0203347629026
2.0 706.6155778743042 882.1945539345038
1.0 761.5451247481541 334.508738681883
5.0 778.9959456406307 579.1265471725158
1.0 861.9698983739119 463.21800546581085
0.0 959.6907624447082 325.08397881569175
1.0 769.031116912425 742.7061067195374
1.0 698.6676882388978 837.6403902836864
0.0 892.853676809246 491.1668367980262
8.0 396.9361852200538 151.97482640495508
3.0 96.5303935405677 870.7791969648666
2.0 732.3808075762047 870.260724287622
1.0 154.83130512376042 82.10319560648271
0.0 26.709357029335745 877.0903213294877
3.0 571.6060451157292 292.1801377849023
1.0 389.60873314560786 434.8607190101693
3.0 321.8059602484392 473.8773786803203
5.0 37.345105172230106 923.6519237311074
0.0 443.11822402640223 668.1352561101404
0.0 210.32327020459329 358.6816621710549
0.0 901.3675393678121 723.255400721817
0.0 558.8094638353227 598.4062115497077
2.0 691.8865467588959 354.4065375283242
4.0 301.466101747188 933.2280006221828
11.0 228.29406589846602 789.6836996672112
9.0 29.54183975531066 796.5505108315056
4.0 708.0988365882182 125.49678477940674
2.0 786.4081848621317 747.6750077162516
3.0 392.0699952581178 110.49866526391571
7.0 37.15807025055129 403.9819449571278
2.0 967.2821845847827 305.30231899048334
2.0 683.3093631641609 21.354891614169592
2.0 872.5136637728635 205.85607227546265
1.0 677.1434895769185 216.33129698917818
0.0 267.30261330614815 557.6897019296081
7.0 338.1603672818241 266.31662114877076
4.0 508.68266211261925 65.33705657512512
5.0 951.6665759169025 47.49075476378506
3.0 55.9631007141006 810.5424815509685
2.0 251.35564192728498 102.67239536090167
6.0 662.1623962881852 712.2156817030135
0.0 42.11551779287947 187.44131445895462
0.0 792.4597010522659 633.4367251252021
6.0 34.89586484906093 847.0084654406243
12.0 949.9793381283101 417.49653035046055
2.0 37.894749413368125 230.73959837836233
0.0 729.4273501068839 118.67644491943562
5.0 179.5165308141279 354.8168868579759
0.0 578.8597442445115 965.745246736424
3.0 967.9111836519463 886.7218718626538
2.0 325.20421837399647 246.85989274411625
4.0 217.12857051141089 14.480838195190525
7.0 417.4028682585277 661.825433822775
2.0 495.727089207661 707.1857639727408
4.0 296.14071095097626 891.9058341510025
4.0 682.3723158167928 710.275696264905
3.0 256.69044601129866 943.580542279319
2.0 345.55616757996523 532.0938029582197
2.0 634.6531653551953 417.3684351214174
4.0 457.8745253166191 810.5661219254575
4.0 471.49585533047434 243.25178570829985
0.0 948.7213680983949 343.0644261362462
2.0 592.775674998401 12.102228162336747
6.0 480.91298316567287 964.982007154683
4.0 902.3416958163693 639.2933210207696
0.0 858.0847845173357 317.1273427929074
5.0 773.0557758703559 812.1049848004699
1.0 632.7193448019586 133.92701660705254
13.0 627.5671761280785 443.71065341221316
4.0 247.17515081024544 682.9814878273222
2.0 210.42845824883406 201.73681170345347
0.0 396.62128503050786 565.5485914450975
7.0 186.0817259573333 61.02305120574103
6.0 507.48429618937416 598.4106352608134
5.0 560.5497547214584 615.6026738873522
1.0 714.4202614718541 565.4431941947685
5.0 749.1690200397692 615.1867326384107
5.0 585.8083251750021 226.49481825238882
1.0 826.4458842672918 792.8196376033587
1.0 779.602465203093 673.9346298000667
4.0 432.5424230227893 617.730020584231
3.0 502.5660985045398 529.0390392880264
9.0 393.17594552545876 258.4005011287959
7.0 697.5587632040857 811.1649596918545
2.0 317.2247983251623 695.8260977286062
3.0 395.2673554773367 778.915248283277
0.0 577.6061140588832 835.9208803502488
1.0 979.4270595015472 893.909325000753
8.0 747.5087608308426 724.8960426461279
14.0 163.34563741157282 965.0972698193648
3.0 310.64415955306845 179.34690475487758
0.0 332.46629975511144 752.9931072030237
4.0 131.08569473763566 528.4484348024096
1.0 144.35498452705997 786.1274765451652
2.0 653.2041131703311 97.10069326788017
4.0 787.2073583787588 287.22582362129225
4.0 803.6174360680828 156.7847854220338
1.0 844.9431713153527 189.03270289846196
10.0 397.3896776477616 696.7201058927765
8.0 256.02621454896223 786.0930762148939
1.0 892.7546456057684 782.4377336515892
2.0 519.482268029888 183.7958494820542
1.0 712.1429380985095 919.5497125115587
1.0 65.36388589675556 915.6365187363284
7.0 120.6456918943618 978.5690555886442
5.0 657.0398956247878 697.1109526952317
1.0 848.3310905238601 817.4387363633889
3.0 89.5430628525895 313.9719838364806
6.0 652.2934805123484 14.353816425710985
3.0 749.1794425008696 485.15359762989607
3.0 271.0785594852243 628.9752330125414
5.0 115.07388229276062 271.40624183118257
2.0 361.888472801011 490.9058232717809
7.0 625.2018790645296 621.7253938643339
1.0 21.093430726139783 537.2757464447369
6.0 35.59869059503973 25.9545484147784
4.0 584.6097573589294 721.3961875944264
0.0 934.871738641881 463.91275386441265
4.0 473.06579065996556 947.5564529123305
6.0 355.05479255821825 782.3034339789494
5.0 90.78290562881142 298.5442539912737
3.0 977.8394649096737 372.24060065246044
3.0 482.0917904801706 617.2313214282617
5.0 381.42363643932043 209.433132025715
4.0 956.3061201016295 459.90258971802757
6.0 165.00266975627886 583.4097806212809
5.0 589.3393688442943 902.1486288284993
0.0 543.1055722856022 756.2410198674794
3.0 591.7688634677545 601.9535669105318
1.0 875.4380020427548 821.1384271153424
2.0 719.5447811708681 276.77187653124537
3.0 752.0425580535887 178.86331602921013
0.0 641.1166369159008 143.01810535536063
8.0 972.6599302289325 531.7781670787444
0.0 442.94703769534203 885.6132455192038
9.0 590.7285811891813 135.11578668218115
5.0 838.9531140853773 673.8974700447856
1.0 458.60628967227655 178.12661141844922
4.0 447.8690374621874 570.4642681439051
6.0 536.8733505153399 296.0265780747743
0.0 557.5666775296838 886.5557358965145
3.0 695.9761262661281 464.2211731959209
4.0 983.4441206616884 43.30927421833031
0.0 869.4288527306616 187.918548694768
2.0 868.6480873152481 608.4511023499123
4.0 493.07044499749975 881.3160048253565
1.0 813.0299983534801 784.806625224948
0.0 368.9823370671701 490.3356604302059
3.0 780.2062764105518 275.0001990421645
1.0 713.7988253415815 540.7849641435067
0.0 539.54582730506 838.4167346461475
4.0 168.20316652728928 363.52380442895884
4.0 414.05354630777026 552.7721365399302
1.0 643.6634668158906 482.86258917824875
6.0 54.30843892894277 370.1123142185232
2.0 230.14842718321793 173.6036533433827
2.0 479.1758108311539 708.4789214510891
3.0 780.3016919470076 876.0344222688192
1.0 286.2133947303502 178.33613807644844
5.0 407.707301556274 742.8487692299648
1.0 385.43566944781804 44.51808180354932
11.0 438.96154139869856 381.96729788224195
1.0 715.9739113010994 809.0096076845167
2.0 855.0745701378055 618.6070715647098
4.0 360.30649972139395 510.7426550777944
9.0 494.39176495856054 848.6488492521557
17.0 961.7033504999876 993.4419267879482
5.0 500.6280894834192 250.16873923099035
2.0 913.2014006929999 307.0501054629694
1.0 233.37070931998184 69.92453477679517
2.0 580.2537128955811 634.7329155173061
3.0 709.8169489564507 693.8147397489531
2.0 888.288959861102 642.6579308717307
2.0 159.7078187530011 79.06952516827381
2.0 222.4183538055332 315.49616686739614
1.0 139.44460161507888 991.0210742254975
8.0 133.904282181175 430.57736604074347
1.0 104.65317944888564 290.55983378930296
2.0 54.16112678831553 911.4008036902754
0.0 274.9583121104557 409.7156299350587
0.0 664.4077448080365 203.0661183750473
3.0 858.3929156135313 414.78440889890913
7.0 912.8777203744802 509.9307177549224
0.0 800.6519231216977 202.25929953108056
12.0 678.4429081642448 424.7858137562872
5.0 709.3949737763537 51.68530897970436
1.0 956.7685912517603 725.9660452406264
0.0 734.4295144713863 78.49267473736244
2.0 107.38777027328061 196.84436522176162
6.0 524.9432245881028 269.7231622732782
2.0 300.415499999346 183.69071121024515
0.0 973.2997091618738 807.0395743743946
1.0 586.2244519376513 861.8159338150017
4.0 981.7927420728093 953.4576327065333
0.0 76.70406124689677 407.45697599156136
3.0 215.39514476266442 969.6689084160652
4.0 828.5905040746611 304.3704828565799
6.0 995.9248079441358 445.1537011975033
10.0 554.578494293487 388.75370753658655
1.0 9.902300385395414 297.837696662789
2.0 283.01500597642917 983.7749897433082
4.0 665.0375800969098 531.3502575274875
0.0 150.13198743571266 288.4343722787245
0.0 209.83136080107602 550.4274288838164
2.0 273.5950287830444 326.35356861605146
2.0 526.499316885138 775.1508859151124
3.0 398.030977054993 633.530668847035
0.0 922.4160801419406 661.0461809813315
0.0 711.643099359846 798.6146890260701
8.0 448.11918610762524 474.1684496923144
0.0 308.0960824775341 780.316019790796
0.0 590.250058960175 83.11431973202532
6.0 855.848633787164 878.565414700724
2.0 31.588028931134993 765.6736984131313
7.0 910.3460708715312 887.5146083285283
3.0 854.4986251127305 175.37912190925354
3.0 911.1345301423939 401.8259801651951
5.0 745.2857050184152 761.9918483437402
6.0 134.4978585478318 934.0424633565631
3.0 258.71135318687186 558.7629909348142
5.0 571.9623999757757 130.30591052505525
0.0 766.1872771172837 931.8458528781407
8.0 823.9665083523996 589.7868998940132
2.0 143.69927830735008 671.9259985469273
0.0 478.51145188408805 698.9215086003214
2.0 16.625075458390203 887.5008942078117
1.0 855.6457937740756 610.8660452843293
9.0 583.4553371469436 454.02142618761775
2.0 939.9108451053563 333.6912419586834
1.0 734.785962931073 475.84667516763824
1.0 767.550287170154 357.7392763612007
0.0 329.91460490789734 114.53706528865837
1.0 891.1893048137299 534.9698942512965
0.0 568.6228415325694 532.804154619861
4.0 697.996138790367 532.4358156605281
0.0 934.7161161495527 463.55977430347264
0.0 506.683551605661 290.03866259767295
0.0 924.3339864452519 439.6853650983098
2.0 717.6271341634655 802.972511315852
8.0 345.34507897473156 644.0007593755179
0.0 585.5794543088823 692.4083849333192
4.0 645.9736534114567 919.9657481151349
2.0 535.456235963278 320.6709991566556
13.0 829.3287995557552 433.1703338928237
0.0 391.43986466340255 217.84894691736534
1.0 562.4631710869546 639.0882393122929
2.0 241.15861104340752 213.74900333946835
2.0 584.4657580215286 963.0725471012021
0.0 104.38140652672479 297.78403642016
5.0 537.2820271559475 903.473006900257
2.0 428.0595014578931 105.5267625646068
6.0 65.66585772970035 881.4753458237933
0.0 440.1652353166468 949.7954430376617
4.0 336.06096240137475 740.756142699645
12.0 598.2047682568765 263.94878441579164
3.0 594.1529625355896 860.080273221004
5.0 318.38538107886615 83.98966763950489
3.0 943.046254792142 761.262657055066
2.0 213.48303534345837 45.55136039017849
9.0 650.9862891668789 761.6622767372648
0.0 510.57269894115285 522.3925724348411
7.0 711.7392983781997 737.0102079418929
0.0 782.9169347954388 183.19104656661202
11.0 242.48776565073794 8.27516018588248
8.0 116.60966907689907 934.8130361682875
1.0 780.2371683021456 14.618013269373066
10.0 545.6120202531915 346.99770285792874
8.0 673.7760872952582 516.6330873397496
5.0 770.2633133902684 195.77373682815556
0.0 835.2288108075971 639.2376437623678
6.0 872.2229113685854 471.6509554638384
0.0 989.8345513707585 498.33063279875824
12.0 609.2722738847398 424.3503862231899
5.0 551.1390592430315 213.63809684449254
1.0 210.77904884362997 244.52320288183017
0.0 802.8293914487373 207.87842935434253
1.0 754.9033877933653 696.8685934176201
0.0 625.3129818137816 676.3072767919374
7.0 357.5012043892263 710.0584647383907
5.0 37.59184001051696 482.31785516339056
2.0 653.3648682623749 596.2149823950707
3.0 909.8368428508954 338.02508955147204
0.0 768.7889861243032 273.14373292261206
1.0 340.95026078454526 532.3539305180489
3.0 686.3963042252162 484.02231149230556
1.0 385.75051697898397 866.0233660725843
6.0 878.0469077470809 923.1601315949295
1.0 202.7962905653623 346.7947257491979
4.0 601.2772393756663 152.77408323202835
6.0 718.1170442376202 784.3281601674337
1.0 609.5820854641195 21.51037406235745
6.0 33.87757196947749 829.1422775907374
4.0 449.57843687909605 264.00503751128247
2.0 819.1455830868441 32.485381113975585
3.0 26.348650581576095 143.9237697173965
4.0 910.2190526573414 565.2517880187918
5.0 444.5633055390964 961.434666385175
0.0 114.59764648059345 187.22184419900577
2.0 903.240266961154 361.00508993511613
3.0 708.9403955034333 707.3519140183611
2.0 118.10619223362528 737.9919612204279
2.0 851.173158527444 822.196881401556
1.0 612.0879823274518 696.7916249147902
10.0 933.732777972322 251.3360037066068
6.0 824.6738493804783 692.755679823866
0.0 352.8016365688468 494.5879804284384
1.0 751.3789832260354 837.6695742787273
0.0 195.90108036891286 716.6361797386131
1.0 277.147531029446 979.4034228341634
6.0 904.5293775782095 474.1294359034752
0.0 733.6115378390564 942.1024246136318
3.0 986.6627710949011 33.64330991270326
2.0 938.4813655213417 158.87521389833714
3.0 467.54387960099973 456.6514074287642
0.0 984.3328792784704 867.9716923486034
1.0 456.837627574552 253.61642657302986
1.0 796.9190694568401 849.3956613485574
4.0 599.1356945170676 303.66580871671357
1.0 110.92130538551504 121.82156556353397
0.0 182.26261075102212 448.59376522684335
5.0 769.9602586192141 848.3936945482563
3.0 292.1453102080548 423.2947075721623
5.0 303.10263745467927 959.1946156592747
2.0 690.7488972033941 61.64037500182107
4.0 657.0769252277521 239.76586638274046
0